-11.7073976659753,
3.27031920171417,
18.0980300458982,
31.9776074442502,
43.5870120244472,
50.5710699053495,
50.2826921845882,
42.8587880440848,
31.0177895736145,
17.03354224012,
2.17098542230402,
-12.7909061384084,
-27.127514942242,
-39.768444425034,
-48.7676101689968,
-51.3069932091957,
-46.2119109242574,
-35.6457334596152,
-22.2488646623283,
-7.59973902838248,
7.40484525076473,
22.0635069376933,
35.4847336140669,
46.1026952060418,
51.2879644009634,
48.8483626676096,
39.9147425315379,
27.3062522774268,
12.9835941183953,
-1.97508963736648,
-16.8434323180324,
-30.845635392489,
-42.7265949003852,
-50.2271386991838,
-50.6182167484518,
-43.7142141599717,
-32.1473850522527,
-18.2871579042344,
-3.46608069361818,
11.5140686610089,
25.9386198325222,
38.7860375975433,
48.2056862105671,
51.3984750112773,
46.9104973023821,
36.6986440487136,
23.4695019160454,
8.88715302698906,
-6.11455455394336,
-20.8326765131028,
-34.4086221112002,
-45.3575278727009,
-51.1279941739569,
-49.3537520042992,
-40.8667624825631,
-28.4811832816117,
-14.2552617829266,
0.679216141724197,
15.5826706935134,
29.6985528023121,
41.8342605315628,
49.8284924871261,
50.8973389130765,
44.5355144325672,
33.2606303487304,
19.5339369818053,
4.76004219775302,
-10.2332742734089,
-24.7385065375948,
-37.7789650284015,
-47.5968091319539,
-51.4299826065395,
-47.5663752705896,
-37.7299318891717,
-24.6805148748688,
-10.1715794257522,
4.82224298512585,
19.5937215953732,
33.3137434829685,
44.5741231410064,
50.9093200839408,
49.8079671672633,
41.790568752258,
29.643017405392,
15.5218851257026,
0.616878487022845,
-14.3163032952578,
-28.5373722190168,
-40.911855299155,
-49.3767851677281,
-51.1188132368838,
-45.3207067250587,
-34.3563804561769,
-20.7732661796886,
-6.05243991532174,
8.94900322665216,
23.5279752281461,
36.7487530107566,
46.9430380255192,
51.4013657190397,
48.1774590930848,
38.7381517325497,
25.8811472237144,
11.4525519130738,
-3.52834681071803,
-18.3472865746317,
-32.2013129331316,
-43.7545137761034,
-50.6329439044655,
-50.2092046305739,
-42.6843911685409,
-30.7908007956546,
-16.7829289681255,
-1.91277228459192,
13.0448663011602,
27.3630501049563,
39.961152966268,
48.8738141279744,
51.2816262053808,
46.0677603083202,
35.4334234694359,
22.0045025984618,
7.34283790644876,
-7.66172242731758,
-22.3077841561147,
-35.6968504787431,
-46.2464579625071,
-51.3127608576519,
-48.7416878758506,
-39.7217810322049,
-27.0706008810801,
-12.7295909228507,
2.23329629718723,
17.0939861084099,
31.0724786111547,
42.9006845049365,
50.3001004835571,
50.5558029027575,
43.5463867396573,
31.923523684817,
18.0378362946592,
3.20804252936363,
-11.7688761412815,
-26.176490328594,
-38.9838513234029,
-48.3214901016938,
-51.3850180667755,
-46.7746086950796,
-36.4904774542921,
-23.2269710448723,
-8.63079264183643,
6.37188727540991,
21.0786527631448,
34.6246306278277,
45.5091576875888,
51.1645881595976,
49.2570504555211,
40.6792190963053,
28.248032776406,
14.0022017288909,
-0.937517348559865,
-15.8344076879112,
-29.9283249388252,
-42.014561743836,
-49.9122322201576,
-50.8462725169478,
-44.3746447701168,
-33.0401168883756,
-19.2860259533642,
-4.50226414690827,
10.4888315954989,
24.9785476008222,
37.981570413427,
47.7218078264926,
51.4284997567605,
47.4391653392159,
37.5261876262576,
24.4399612139044,
9.9158512920041,
-5.07994344000803,
-19.84126466171,
-33.5333931673152,
-44.7332102258732,
-50.9575417735083,
-49.72161263397,
-41.6087872591225,
-29.4125515199554,
-15.2698724593997,
-0.358566880350224,
14.569114081621,
28.7698760578238,
41.0980057882364,
49.4709608103119,
51.0793247748806,
45.1671941022909,
34.1394483387945,
20.5268902417203,
5.79500810137888,
-9.20521580017349,
-23.7700308289886,
-36.9558520728782,
-47.0768183086857,
-51.4118640473446,
-48.0593422946219,
-38.539123967183,
-25.6427247398297,
-11.1975499656339,
3.78632858177115,
18.5962704855052,
32.4243670460935,
43.920656456271,
50.692574292602,
50.1335461915999,
42.5087303066306,
30.5632139844594,
16.5320720226469,
1.65453438604875,
-13.298645662485,
-27.5980993284952,
-40.1528051970161,
-48.9780574577021,
-51.2538980573305,
-45.9220127562373,
-35.220319721563,
-21.7597923712171,
-7.08583976485392,
7.91849817267015,
22.5517063675357,
35.9081605476484,
46.3886033119754,
51.3351903311821,
48.6330718129387,
39.52777943231,
26.834472118721,
12.4754118879265,
-2.49147403137838,
-17.3442906090546,
-31.2987135175157,
-43.0734915823999,
-50.3708760411723,
-50.4911589167296,
-43.3772194148369,
-31.699021825832,
-17.7882479351819,
-2.94996272489481,
12.0235226259185,
26.4139088250161,
39.1806730902808,
48.4354126854839,
51.3691805160982,
46.6370402120697,
36.2814632960665,
22.9840638054836,
8.37431725565947,
-6.62913626274345,
-21.3243011510763,
-34.8398839660587,
-45.6592524908371,
-51.1988427843628,
-49.1583307142558,
-40.4905689263412,
-28.0143695089398,
-13.7489455098714,
1.19580643293423,
16.0859177390562,
30.1575294320891,
42.1936543400355,
49.9938502374162,
50.7929247076296,
44.2123568757538,
32.8189179800479,
19.0378240443664,
4.24442741918294,
-10.744247106626,
-25.2181687848823,
-38.1832450811159,
-47.8450067635216,
-51.4246280541314,
-47.3101925275616,
-37.3215390031871,
-24.1990014684781,
-9.6599897366698,
5.33757753985999,
20.0885057012842,
33.7523364788774,
44.8908434083214,
51.0034620066811,
49.6331671931491,
41.4258292537406,
29.1815354211271,
15.0176425393786,
0.100250638683249,
-14.8217193819806,
-29.0018506670286,
-41.2830187167102,
-49.5630851879543,
-51.0375126582378,
-45.0121828930569,
-33.9217831850224,
-20.2801981376118,
-5.53750035186402,
9.46130520270038,
24.0116969812668,
37.1620785745958,
47.2088815974077,
51.4199766822578,
47.9393804046974,
38.3391319832808,
25.4038648215656,
10.9423956645167,
-4.044261125573,
-18.8449770034398,
-32.6467609022158,
-44.0854245202359,
-50.7499505849661,
-50.0557295321706,
-42.331820274373,
-30.3350373155408,
-16.2809758853454,
-1.3962750775784,
13.5522401938994,
27.8326556196344,
40.343387920911,
49.0803247108117,
51.2238139494654,
45.774684723234,
35.0064325902877,
21.514739431598,
6.82874814099356,
-8.17516891580575,
-22.7952679955937,
-36.1186531874875,
-46.5291147342606,
-51.3552486036168,
-48.5225302098782,
-39.3327506521482,
-26.5978728112697,
-12.2210609806324,
2.74961948002432,
17.5943412519776,
31.5243317243918,
43.2450010789011,
50.4394533295045,
50.4242959986073,
43.2067275188288,
31.4738881322887,
17.5383975059697,
2.69184465480736,
-12.2780042196401,
-26.6508687069133,
-39.376490321046,
-48.5474379411041,
-51.3509653538305,
-46.497808413901,
-36.0716125335503,
-22.7407859359436,
-8.11773048495946,
6.88629801640904,
21.5696163748945,
35.0543720664909,
45.8077959443941,
51.2307516996734,
49.057607813093,
40.300825508318,
27.7802006933368,
13.4954972350108,
-1.45408005160848,
-16.3371964670875,
-30.3861583610918,
-42.3715238114734,
-50.0733331694387,
-50.7373050149644,
-44.0486665356708,
-32.5970427894675,
-18.7893361529675,
-3.98653542565361,
10.999517029104,
25.4573638269922,
38.3839770733596,
47.9663895622651,
51.4183682344496,
47.1794733443233,
37.1159975820043,
23.957641687476,
9.40399846947319,
-5.59514184314851,
-20.335439664303,
-33.9705639092604,
-45.047006653072,
-51.0470724455278,
-49.5426449444618,
-41.2417088715384,
-28.9499767435503,
-14.7651996336279,
0.158066898807049,
15.0741149865387,
29.233288564005,
41.4668801589297,
49.6531438434308,
50.9933845393661,
44.8556892521658,
33.7033946955277,
20.0331950039713,
5.2799201273231,
-9.71726775915621,
-24.2529677489062,
-37.3674211688425,
-47.3392113451901,
-51.4257020837006,
-47.8175896999447,
-38.1381879575334,
-25.1645738533943,
-10.6870928272928,
4.30214104543506,
19.0934013097377,
32.8684855189308,
44.2488023335527,
50.8050626334165,
49.9757675791276,
42.1536757785809,
30.1062788717596,
16.0296450005695,
1.13799770687766,
-13.805645838447,
-28.066711906539,
-40.5328878189526,
-49.1806005811574,
-51.1913794900893,
-45.6257926268308,
-34.791772335697,
-21.2693491761426,
-6.57156655814957,
8.43173106981599,
23.0384634065075,
36.3283176481189,
46.6679756893444,
51.3729318947026,
48.4100789097957,
39.1367074884886,
26.3608097044891,
11.9665421415836,
-3.00772927836824,
-17.8441334294628,
-31.749324748386,
-43.4151978378387,
-50.5058205985022,
-50.355225665159,
-43.034926286396,
-31.2481311630201,
-17.2882896461019,
-2.43369168796088,
12.5323170018822,
26.8873632861275,
39.5712903148929,
48.6575499444242,
51.3303760181037,
46.3569298519193,
35.8609360080988,
22.4971431152405,
7.86103592936153,
-7.14336902371194,
-21.8145930797141,
-35.2680847570843,
-45.9547716635424,
-51.2603089716627,
-48.9548969422313,
-40.1100022561152,
-27.5455334631915,
-13.2418609838124,
1.71233485902745,
16.5882394561184,
30.6142037141255,
42.5481555372937,
50.1506678922758,
50.6794233200581,
43.8835894518616,
32.3745003788324,
18.5405671322765,
3.72859156909461,
-11.2546375630232,
-25.6961263962513,
-38.5837543090942,
-48.0859398975251,
-51.4097214867425,
-47.0470243221956,
-36.9095748035134,
-23.7158878558887,
-9.14788118040928,
5.85263289784265,
20.5820614524245,
34.1880658422009,
45.2016838559786,
51.088365135395,
49.4500601925799,
41.056440130232,
28.7178830358557,
14.5125479771066,
-0.416382393138846,
-15.3262966530053,
-29.4641821809664,
-41.649576070743,
-49.7411225171255,
-50.9469484593111,
-44.6977292686964,
-33.4842924623471,
-19.7858859281997,
-5.02227087739159,
9.97309977517632,
24.4938371327003,
37.571868387723,
47.4677910240967,
51.4290391640062,
47.6939865186808,
37.9363039434604,
24.9248581508815,
10.4316452488462,
-4.55996493676789,
-19.3415385412756,
-33.0895318109634,
-44.4107741751005,
-50.857900634766,
-49.8936735121972,
-41.9743114151439,
-29.8769466444251,
-15.7780837760781,
-0.879705618941173,
14.0588585100485,
28.3002610376827,
40.7212914499612,
49.2788699130098,
51.1566007063618,
45.4753528417248,
34.5763491045432,
21.0236269478224,
6.31429852602212,
-8.68818103134742,
-23.2812869081473,
-36.5371430618026,
-46.8051696232888,
-51.3882368653225,
-48.2957338592102,
-38.9396626144585,
-26.1232894700472,
-11.71185928563,
3.26580005631251,
18.093662493298,
31.9736840087879,
43.5840666021755,
50.5699663996758,
50.2839597326901,
42.8618308513424,
31.0217593797951,
17.0379289543383,
2.17550718798187,
-12.7864570261795,
-27.1233858001648,
-39.7650602473913,
-48.7657328766507,
-51.3074163874471,
-46.2144210622108,
-35.6494444436339,
-22.2531409642245,
-7.60423717216596,
7.40034575825917,
22.0592258568846,
35.4810117522647,
46.1001632218714,
51.287509086476,
48.8502134402193,
39.9181124613213,
27.3103748726519,
12.9880408068053,
-1.9705675068216,
-16.8390422535158,
-30.8416573876909,
-42.7235347860846,
-50.2258415369817,
-50.619289847129,
-43.7171412389473,
-32.1512997078648,
-18.2915217911598,
-3.47059924449773,
11.5096048856504,
25.9344500926262,
38.7825645840294,
48.2036415075656,
51.3986894521667,
46.9128620108832,
36.702281987812,
23.4737458957957,
8.89164154032107,
-6.1100472408811,
-20.8283659179098,
-34.4048325525825,
-45.3548588480909,
-51.1273325117757,
-49.3554274376531,
-40.8700369288131,
-28.4852617617588,
-14.2596917724311,
0.674692505029611,
15.5782601059015,
29.694523863866,
41.8310922905254,
49.8270071565714,
50.8982128408193,
44.5383189619748,
33.2644859698676,
19.5382759493421,
4.76455604132417,
-10.2287975365441,
-24.7342990693274,
-37.7754086419894,
-47.5946041317763,
-51.4299872889268,
-47.5685872530561,
-37.733491871692,
-24.6847239617044,
-10.1760567019698,
4.8177293865698,
19.5893837897072,
33.3098905892753,
44.5713242402926,
50.9084551388861,
49.8094607544885,
41.793741667432,
29.6470485344051,
15.526296583771,
0.621402156556754,
-14.3118740928368,
-28.5332957807714,
-40.9085852511143,
-49.3751177103307,
-51.1194840389221,
-45.3233816948615,
-34.3601729311407,
-20.7775780369273,
-6.05694754127692,
8.94451518004655,
23.5237327491004,
36.7451184424847,
46.9406799743339,
51.4011606205561,
48.1795110994305,
38.7416285795047,
25.8853187065566,
11.4570163024774,
-3.52382843790449,
-18.3429237540175,
-32.1974008264917,
-43.7515920168808,
-50.6318795950582,
-50.2105103079318,
-42.6874562442522,
-30.7947811484074,
-16.7873199898786,
-1.9172945137748,
13.040420319525,
27.3589294111389,
39.9577871706239,
48.871971033082,
51.2820907772472,
46.0702985597331,
35.4371484474067,
22.0087850465315,
7.34733778091106,
-7.65722467942161,
-22.3035092430877,
-35.6931426520611,
-46.2439541564379,
-51.3123469552186,
-48.7435727847847,
-39.7251692928016,
-27.0747318974967,
-12.7340407261866,
2.22877464329937,
17.0896003691626,
31.0685111853847,
42.8976467176335,
50.2988414990583,
50.5569151551621,
43.5493374211577,
31.927449634883,
18.042204895042,
3.21256183957818,
-11.7644151508331,
-26.1723284459246,
-38.9803955704397,
-48.3194782021606,
-51.385274222491,
-46.7770029702977,
-36.4941303348683,
-23.2312216673251,
-8.63528320147308,
6.36738139765458,
21.0743478627733,
34.6208542054597,
45.5065153998952,
51.1639674068923,
49.2587613658015,
40.682513046639,
28.2521203011614,
14.0066351905631,
-0.932993894385902,
-15.8300010358758,
-29.9243058713041,
-42.0114145403267,
-49.9107839260058,
-50.8471864811377,
-44.3774742777181,
-33.0439845958383,
-19.2903700589156,
-4.50677904851386,
10.484357308596,
24.9743474303729,
37.9780302205709,
47.7196341986635,
51.4285462782216,
47.4414083413691,
37.5297635502994,
24.4441774666513,
9.92033093796523,
-5.07543097290503,
-19.836932100639,
-33.5295525600344,
-44.7304366444618,
-50.956717056591,
-49.7231429629604,
-41.6119809048327,
-29.4165923532276,
-15.2742877603917,
-0.36309066080949,
14.5646884404955,
28.7658088216487,
41.0947555385817,
49.4693291461294,
51.0800363361815,
45.1698954606815,
34.1432537382835,
20.5312076819446,
5.79951708806962,
-9.20072987799275,
-23.7657951177201,
-36.9522326851078,
-47.0744901791851,
-51.4117007123411,
-48.0614267580944,
-38.5426178094263,
-25.6469039406259,
-11.2020170573127,
3.78181104084137,
18.5919124801157,
32.4204664229056,
43.9177586315095,
50.6915493660264,
50.1348897788175,
42.5118173903633,
30.5672047397755,
16.5364672731137,
1.65905702002307,
-13.2942028817445,
-27.5939872047149,
-40.1494580133792,
-48.9762488319922,
-51.2544039358243,
-45.9245788326303,
-35.2240585107811,
-21.7640808695096,
-7.09034130791749,
7.91400223178281,
22.5474377194438,
35.9044669412677,
46.3861279731083,
51.3348179185472,
48.6349905837576,
39.5311857963502,
26.8386114361987,
12.4798647364772,
-2.48695291294774,
-17.3399092747236,
-31.2947568168062,
-43.070476384801,
-50.3696554478249,
-50.4923101293771,
-43.3801934294722,
-31.702958917863,
-17.7926211666877,
-2.95448273529173,
12.0190644883758,
26.4097549147718,
39.1772348170278,
48.4334338707982,
51.3694783381654,
46.6394637639403,
36.2851309251351,
22.988320969616,
8.37880979810859,
-6.62463188146749,
-21.3200020379131,
-34.8361208551068,
-45.6566372257366,
-51.1982630559761,
-49.1600768396613,
-40.4938821426316,
-28.0184659512433,
-13.7533823714837,
1.1912832198124,
16.0815150989826,
30.1535203734114,
42.1905284271316,
49.9924392159321,
50.7938785445507,
44.2152110843607,
32.8227976123917,
19.0421732017477,
4.24894331900898,
-10.7397753356505,
-25.2139760213271,
-38.1797212901394,
-47.8428647953601,
-51.4247164058232,
-47.3124662605445,
-37.3251306651842,
-24.2032247806304,
-9.66447168722882,
5.33306626438869,
20.0841784728178,
33.7485083235716,
44.8880954263956,
51.002677667293,
49.6347340188659,
41.4290433813941,
29.1855858241816,
15.0220616082522,
0.104774471584264,
-14.8172973755909,
-28.9977927632139,
-41.2797885082562,
-49.5614895718749,
-51.0382648482904,
-45.0149103565619,
-33.9256013381744,
-20.2845210704185,
-5.54201063858651,
9.4568214691375,
24.0074681411733,
37.1584745649709,
47.2065836794912,
51.4198551417284,
47.9414970408465,
38.3426426064691,
25.4080516278865,
10.9468653914091,
-4.03974447594608,
-18.8406238972758,
-32.6428719188778,
-44.0825509029453,
-50.7489652219676,
-50.0571108051743,
-42.3349291075923,
-30.3390383310468,
-16.2853752863618,
-1.40079805768989,
13.5478006848449,
27.8285521890335,
40.3400595814407,
49.0785508236214,
51.2243610401322,
45.7772783367401,
35.0101850100558,
21.5190338851204,
6.83325129083178,
-8.1706748446012,
-22.7910057105852,
-36.1149739886298,
-46.5266681520969,
-51.3549177508932,
-48.5244825660986,
-39.3361748944259,
-26.6020203110045,
-12.2255168051526,
2.7450989559325,
17.5899644029023,
31.5203858964495,
43.2420087355301,
50.4382713357152,
50.4254859725309,
43.2097245989112,
31.4778362155248,
17.5427752869914,
2.69636530634178,
-12.2735490034321,
-26.6467228855642,
-39.3730697488262,
-48.5454924910266,
-51.3513047859817,
-46.5002609524653,
-36.0752947201952,
-22.7450495417811,
-8.12222494703699,
6.88179519300777,
21.5653231422409,
35.0506224440918,
45.8052079884272,
51.2302131032336,
49.0593888889795,
40.304157754566,
27.7843059275411,
13.4999374248546,
-1.44955713810759,
-16.332797915988,
-30.3821594507482,
-42.3684194442322,
-50.0719596526741,
-50.7382985546783,
-44.0515451695381,
-32.6009341870695,
-18.7936902767851,
-3.99105226403621,
10.9950478404021,
25.4531785805935,
38.3804698947402,
47.9642795401884,
51.4184983995846,
47.1817775187977,
37.1196047805178,
23.9618719536518,
9.40848265983335,
-5.59063181966786,
-20.3311178572891,
-33.9667483733699,
-45.0442845520559,
-51.046328626412,
-49.54424801819,
-41.2449432345963,
-28.9540365834269,
-14.769622395925,
0.153543071937775,
15.0696966888852,
29.229240124318,
41.4636702365729,
49.6515845269665,
50.9941772207926,
44.8584425384227,
33.707225433398,
20.037523339831,
5.28443165356866,
-9.71278627873401,
-24.2487458844876,
-37.3638327371197,
-47.3369439284901,
-51.4256223607276,
-47.8197382231701,
-38.1417151494787,
-25.1687681540252,
-10.6915651227385,
4.2976253466588,
19.0890531875651,
32.8646083336365,
44.2459531982901,
50.8041170087728,
49.9771863093301,
42.1568061046835,
30.110290006692,
16.0340484746191,
1.14252097452326,
-13.8012096723773,
-28.0626172936473,
-40.5295785579543,
-49.1788616992706,
-51.1919676910945,
-45.6284134902884,
-34.7955382073109,
-21.2736494908512,
-6.57607125317746,
8.42723893125052,
23.0342075837443,
36.3246530460575,
46.6655581536815,
51.372642664307,
48.4120645730483,
39.1401493859626,
26.3649652689886,
11.9710008732886,
-3.00320940758634,
-17.8397611466816,
-31.7453899426114,
-43.412228614999,
-50.5046774074795,
-50.3564541960664,
-43.0379461659877,
-31.2520900884141,
-17.2926718957486,
-2.4382129216783,
12.5278647758934,
26.8832256714394,
39.5678876671948,
48.6556381369487,
51.3307569963295,
46.3594110874343,
35.8646325634753,
22.5014130638292,
7.86553224816661,
-7.13886781982094,
-21.8103058218114,
-35.2643488023509,
-45.9522113040232,
-51.2598116074899,
-48.9567127012755,
-40.1133532984617,
-27.5496473650599,
-13.2463044306971,
1.70781230376057,
16.5838450716417,
30.6102150932124,
42.5450729727203,
50.1493321078999,
50.6804563865438,
43.8864922367482,
32.3784033838749,
18.5449261379295,
3.73310928650862,
-11.2501710233337,
-25.691948778472,
-38.5802639554627,
-48.0838621069079,
-51.4098934406041,
-47.0493586484629,
-36.9131973392241,
-23.7201249718201,
-9.15236754611838,
5.84812418690164,
20.5777451565732,
34.1842630950687,
45.1989879184704,
51.0876619725214,
49.4516992620971,
41.0596944842249,
28.7219521810907,
14.5169743589414,
-0.411858630775753,
-15.3218821386671,
-29.4601433386805,
-41.646386681449,
-49.7395997482474,
-50.9477814879864,
-44.7005080965314,
-33.4881356178829,
-19.790219578438,
-5.02678358283988,
9.96862061276152,
24.4896223495665,
37.568295735778,
47.465554397864,
51.4290012737391,
47.696166642368,
37.9398474941316,
24.9290598358075,
10.4361200465778,
-4.55545024853987,
-19.3371954886436,
-33.0856665837029,
-44.4079497979124,
-50.8569949171434,
-49.8951294666642,
-41.9774629794774,
-29.880967759617,
-15.7824912462805,
-0.88422911556016,
14.0544257587749,
28.296175368433,
40.7180015038716,
49.277166300498,
51.1572299085797,
45.4780006687679,
34.5801282512764,
21.0279330306038,
6.31880470489034,
-8.68369088867068,
-23.2770376478218,
-36.5334932478752,
-46.8027814241142,
-51.3879893119188,
-48.2977525493869,
-38.9431219462501,
-26.1274529831006,
-11.7163208561752,
3.2612808979082,
18.0892948585676,
31.9697603762968,
43.5811207679085,
50.5688622092665,
50.2852266111204,
42.8648732662898,
31.0257289999843,
17.0423155924144,
2.18002894501952,
-12.7820078597483,
-27.1192565112123,
-39.7616757498681,
-48.7638549878505,
-51.3078388400554,
-46.2169307052489,
-35.6531551809418,
-22.2574171576225,
-7.60873528508449,
7.39584623575657,
22.0549446689201,
35.4772896463065,
46.0976307468004,
51.2870530474904,
48.8520636125785,
39.9214820680452,
27.3144973193246,
12.9924874400396,
-1.96604536845353,
-16.8346521139584,
-30.8376791989174,
-42.7204742831082,
-50.2245437081175,
-50.6203622584285,
-43.7200679021703,
-32.1552141643133,
-18.2958855948041,
-3.47511778155116,
11.5051410621243,
25.9302802161457,
38.7790912701766,
48.2015962326031,
51.3989031621324,
46.9152261990058,
36.705919663513,
23.4779897583081,
8.89613001725186,
-6.10553990322628,
-20.8240552238027,
-34.4010427654625,
-45.3521893577853,
-51.1266701342256,
-49.3571022473942,
-40.8733110313583,
-28.4893400823702,
-14.2641217004824,
0.670168865659235,
15.5738494500457,
29.6904947537747,
41.8279236833065,
49.825521179539,
50.8990860659956,
44.541123051468,
33.26834137789,
19.5426148261268,
4.76906986583608,
-10.2243207573581,
-24.7300914742216,
-37.7718519738288,
-47.59239858475,
-51.4299912385684,
-47.5707986897153,
-37.7370515732062,
-24.688932922089,
-10.1805339361059,
4.81321576873239,
19.5850458929716,
33.3060374818785,
44.5685248986588,
50.907589490699,
49.810953696106,
41.796914217331,
29.6510794922628,
15.5307079738644,
0.625925823624044,
-14.3074448286968,
-28.5292191825231,
-40.9053148584996,
-49.3734496283884,
-51.1201541260348,
-45.3260561999973,
-34.3639651782296,
-20.7818897955824,
-6.06145514285736,
8.94002709680889,
23.5194901524472,
36.7414836101096,
46.9383214017218,
51.4009547910051,
48.1815625348381,
38.7451051269041,
25.8894900532282,
11.4614806439577,
-3.51931005105301,
-18.3385608498211,
-32.1934885201257,
-43.7486698409238,
-50.6308145975968,
-50.2118153194169,
-42.6905209322279,
-30.7987613177036,
-16.7917109368761,
-1.92181673534702,
13.0359742824625,
27.3548085683273,
39.954421051088,
48.8701273369553,
51.2825546249269,
46.0728363212867,
35.4408731818827,
22.0130673877927,
7.35183762559836,
-7.65272690043774,
-22.2992342212163,
-35.6894345779997,
-46.2414498544075,
-51.3119323268576,
-48.7454570982556,
-39.7285572343386,
-27.0788627674727,
-12.7384904755747,
2.22425298055861,
17.0852145534854,
31.0645435730983,
42.8946085370718,
50.2975818441146,
50.558026723528,
43.5522876916385,
31.9313753884699,
18.0465734135901,
3.21708113700393,
-11.7599541110295,
-26.1681664246663,
-38.976939513322,
-48.3174657257263,
-51.385529648062,
-46.779396730219,
-36.4977829554459,
-23.2354721743169,
-8.63977372581865,
6.36287549423694,
21.0700428618772,
34.6170775515385,
45.5038726415106,
51.1633459367434,
49.2604716570296,
40.6858066574612,
28.2562076686222,
14.0110685920522,
-0.928470436513322,
-15.8255943142637,
-29.9202866297357,
-42.0082669662229,
-49.909334981202,
-50.8480997455715,
-44.3803033502723,
-33.0478520930325,
-19.2947140752322,
-4.51129393210703,
10.4798829782218,
24.9701471311847,
37.9744897423367,
47.7174600189462,
51.4285920670208,
47.4436508027661,
37.5333391969176,
24.4483935948255,
9.92481054298944,
-5.07091848546782,
-19.8325994469666,
-33.5257117361668,
-44.7276626172346,
-50.955891633866,
-49.7246726506007,
-41.6151741896383,
-29.4206330177115,
-15.2787029947314,
-0.367614439829282,
14.5602627363716,
28.7617414232038,
41.0915049401206,
49.4676968529089,
51.0807471847808,
45.1725963593793,
34.1470589129034,
20.5355250251718,
5.80402605145621,
-9.19624391805572,
-23.7615592870426,
-36.9486130297927,
-47.0721615231813,
-51.4115366456573,
-48.0635106555996,
-38.5461113558877,
-25.6510830072296,
-11.2064841022444,
3.77729348483102,
18.5875543896771,
32.4165655972679,
43.9148603852475,
50.6905237481796,
50.1362327040454,
42.5149040909056,
30.5711953141438,
16.5408624501957,
1.66357964741256,
-13.2897600443382,
-27.5898749297932,
-40.1461105018037,
-48.9744396003101,
-51.2549090917188,
-45.9271444242111,
-35.2277970596856,
-21.7683692626633,
-7.09484282228943,
7.90950625871406,
22.5431689607945,
35.9007730842467,
46.3836521332145,
51.3344447786889,
48.6369087639365,
39.5345918452947,
26.8427506093283,
12.4843175322951,
-2.48243178463282,
-17.335527862564,
-31.290799927008,
-43.0674607893246,
-50.3684341803371,
-50.493460661422,
-43.38316703779,
-31.7068958160707,
-17.7969943177949,
-2.95900273393546,
12.0146063002824,
26.40560086391,
39.1737962357598,
48.4314544742946,
51.3697754310044,
46.6418868055936,
36.2887982975633,
22.9925780200504,
8.383302306379,
-6.62012747345534,
-21.3157028225985,
-34.8323575095213,
-45.6540214849372,
-51.1976826081956,
-49.1618223506253,
-40.4971950235631,
-28.022562238461,
-13.7578191741687,
1.1867600019685,
16.0771123879912,
30.1495111382543,
42.1874021391857,
49.9910275396956,
50.7948316846371,
44.2180648627627,
32.8266770372774,
19.0465222713948,
4.25345920186659,
-10.7353035200446,
-25.2097831271122,
-38.1761972101199,
-47.8407222702871,
-51.4248040250765,
-47.3147394578362,
-37.3287220533065,
-24.2074479700634,
-9.66895359798722,
5.32855496752995,
20.0798511502006,
33.7446799487626,
44.8853469937364,
51.0018926195382,
49.6363002075555,
41.4322571524834,
29.1896360607924,
15.0264806117829,
0.109298304071188,
-14.8128753049117,
-28.9937346948341,
-41.2765579467251,
-49.5598933223222,
-51.0390163279856,
-45.0176373653264,
-33.9294192694382,
-20.2888439078116,
-5.54652090306689,
9.45233769668753,
24.0032391798549,
37.1548702843235,
47.204285229995,
51.4197328690437,
47.9436131160203,
38.3461529376073,
25.4122383019716,
10.9513350727258,
-4.03522781019368,
-18.8362707045814,
-32.6389827303395,
-44.0796768593596,
-50.7479791645839,
-50.0584914201512,
-42.3380375621345,
-30.3430391680827,
-16.2897746153565,
-1.40532103224393,
13.5433611178825,
27.8244486051243,
40.3367309099489,
49.0767763257633,
51.2249074099178,
45.7798714704699,
35.01393719266,
21.5233282351608,
6.837754413059,
-8.16618074011211,
-22.7867433132913,
-36.1112945358348,
-46.5242210638332,
-51.3545861697844,
-48.5264343365381,
-39.3395988255331,
-26.6061676684618,
-12.2299725781494,
2.74057842092454,
17.5855874745794,
31.5164398768123,
43.2390159896334,
50.4370886641812,
50.426675269383,
43.2127212773496,
31.4817841075636,
17.5471529890386,
2.70088594715178,
-12.2690937354762,
-26.642576921548,
-39.3696488646944,
-48.5435464542464,
-51.3516434899569,
-46.5027129858893,
-36.0789766535301,
-22.7493130356583,
-8.12671937603549,
6.87729234179755,
21.5610298057987,
35.0468725839368,
45.8026195517348,
51.2296737855783,
49.0611693550833,
40.3074896695698,
27.7884110088529,
13.5043775570261,
-1.44503421885798,
-16.3283992926159,
-30.3781603614731,
-42.3653146974627,
-50.0705854771293,
-50.7392914005862,
-44.0544233780175,
-32.6048253799932,
-18.7980443143625,
-3.99556908649026,
10.9905786059046,
25.4489932015932,
38.3769624233703,
47.9621689561921,
51.4186278326434,
47.1840811626515,
37.123211708667,
23.9661020989454,
9.41296681152528,
-5.58612177374494,
-20.3267959545654,
-33.9629326150315,
-45.04156199537,
-51.0455840964873,
-49.5458504592794,
-41.2481772453898,
-28.9580962591782,
-14.7740450941789,
0.149019244458571,
15.0652783256456,
29.2251915177499,
41.4604599568351,
49.6500245726557,
50.9949691943259,
44.8611953748763,
33.7110559523219,
20.0418515818389,
5.28894315863136,
-9.70830475829244,
-24.2445238970033,
-37.3602440308574,
-47.3346759751433,
-51.4255419052633,
-47.8218861904289,
-38.1452420530736,
-25.1729623243604,
-10.6960373737732,
4.29310963071743,
19.0847049773707,
32.8607309403513,
44.2431036319109,
50.8031706867346,
49.978604385547,
42.1599360565827,
30.114300965609,
16.0384518780021,
1.14704423763724,
-13.7967734471455,
-28.0585225252544,
-40.5262689608119,
-49.1771222020683,
-51.1925551730642,
-45.631033878993,
-34.7993038448739,
-21.277949703722,
-6.58057592167715,
8.42274675829482,
23.0299516469497,
36.3209881867259,
46.6631401068411,
51.3723527044998,
48.4140496554085,
39.1435909761504,
26.3691206932524,
11.975459554669,
-2.9986895248541,
-17.8353887832274,
-31.741454942513,
-43.4092589849532,
-50.5035335351975,
-50.3576820535245,
-43.0409656485741,
-31.2560488252043,
-17.2970540678273,
-2.44273414570676,
12.5234124969401,
26.8790879120102,
39.5644847036543,
48.6537257379177,
51.3311372475665,
46.3618918228795,
35.8683288688276,
22.5056829021848,
7.8700285349936,
-7.13436658703638,
-21.8060184584563,
-35.2606126067076,
-45.9496504587387,
-51.259313520408,
-48.9585278552382,
-40.116704013634,
-27.5537611161928,
-13.2507478211519,
1.7032897417168,
16.5794506135233,
30.6062262908774,
42.5419900241016,
50.1479956607946,
50.681488762358,
43.8893946010385,
32.3823061869841,
18.549285058806,
3.73762698903594,
-11.2457044366839,
-25.6877710261281,
-38.576773305336,
-48.0817837493821,
-51.4100646628907,
-47.0516924491857,
-36.9168196080462,
-23.7243619686858,
-9.15685387428271,
5.84361545245631,
20.573428763436,
34.1804601225055,
45.1962915203313,
51.0869580965175,
49.4533377034217,
41.0629484902151,
28.726021164491,
14.5214006780232,
-0.407334866779834,
-15.3174675574317,
-29.4561043271643,
-41.6431969304314,
-49.7380763372102,
-50.9486138113512,
-44.7032864794767,
-33.4919785573763,
-19.7945531363702,
-5.03129626815763,
9.96414140919209,
24.4854074415077,
37.5647228057378,
47.4633172299223,
51.4289626507837,
47.6983462151182,
37.9433907601122,
24.9332613923566,
10.4405948010568,
-4.55093554210131,
-19.3328523464934,
-33.0818011456448,
-44.4051249847608,
-50.8560884992262,
-49.8965847712626,
-41.9806141740546,
-29.884988701217,
-15.7868986471598,
-0.888752608674039,
14.0499929470746,
28.2920895414681,
40.7147112174807,
49.2754620680703,
51.1578583937352,
45.4806480260627,
34.583907167039,
21.0322390131677,
6.32331085830283,
-8.67920071049222,
-23.2727882716977,
-36.529843173312,
-46.8003927086841,
-51.3877410282132,
-48.2997706635923,
-38.9465809746058,
-26.131616357946,
-11.7207823775876,
3.2567617265157,
18.0849271417274,
31.9658365468172,
43.5781745217307,
50.5677573341806,
50.2864928198125,
42.8679152888438,
31.0296984341348,
17.0467021543232,
2.18455069340093,
-12.7775586391368,
-27.115127075424,
-39.758290932532,
-48.7619765026786,
-51.3082605669954,
-46.2194398532812,
-35.6568656714813,
-22.2616932424927,
-7.61323336712165,
7.39134668327085,
22.0506633738302,
35.4735672962475,
46.0950977809158,
51.2865962840323,
48.8539131846016,
39.9248513516335,
27.3186196173994,
12.9969340180764,
-1.96152322227811,
-16.8302618993801,
-30.8337008262109,
-42.7174133915331,
-50.2232452126565,
-50.6214339822941,
-43.7229941495538,
-32.1591284215482,
-18.3002493151358,
-3.47963630475563,
11.5006771904534,
25.9261102031191,
38.7756176560504,
48.1995503857648,
51.3991161411619,
46.9175898666648,
36.7095570757547,
23.4822335035512,
8.90061845775549,
-6.10103254099783,
-20.8197444308073,
-34.3972527498936,
-45.34951940187,
-51.1260070413439,
-49.358776433446,
-40.8765847901301,
-28.4934182434038,
-14.2685515670576,
0.665645223634257,
15.5694387259663,
29.6864654720794,
41.8247547099839,
49.8240345561021,
50.8999585885571,
44.5439267009647,
33.2721965727499,
19.5469536121255,
4.77358367126163,
-10.2198439358748,
-24.7258837523082,
-37.768295023983,
-47.5901924909619,
-51.4299944554639,
-47.5730095804777,
-37.7406109936548,
-24.6931417559915,
-10.1850111281374,
4.80870213163756,
19.5807079052011,
33.30218416083,
44.5657251161932,
50.906723139427,
49.8124459920432,
41.8000864018796,
29.6551102789272,
15.5351192959651,
0.630449488214736,
-14.303015502866,
-28.5251424243145,
-40.9020441213895,
-49.3717809219822,
-51.1208234981846,
-45.3287302403786,
-34.3677571973854,
-20.7862014556294,
-6.06596272004945,
8.93553897695136,
23.5152474382205,
36.7378485136913,
46.9359623077755,
51.4007482303987,
48.1836133992217,
38.7485813746812,
25.8936612636961,
11.4659449374931,
-3.51479165018109,
-18.3341978620616,
-32.1895760140905,
-43.7457472483161,
-50.6297489121395,
-50.2131196649629,
-42.6935852323918,
-30.8027413035017,
-16.7961018090954,
-1.92633894928933,
13.0315281899893,
27.3506875765564,
39.9510546077367,
48.8682830396797,
51.2830177483922,
46.0753735928936,
35.4445976728117,
22.0173496222178,
7.35633744049637,
-7.64822909038288,
-22.2949590905225,
-35.6857262566141,
-46.2389450565064,
-51.3115169725934,
-48.7473408161779,
-39.7319448567445,
-27.0829934909669,
-12.742940170988,
2.21973130897892,
17.080828661401,
31.0605757743335,
42.8915699633285,
50.2963215187913,
50.5591376077952,
43.5552375510147,
31.9353009455285,
18.050941850278,
3.22160042162526,
-11.7554930218917,
-26.1640042648572,
-38.9734831521089,
-48.315452672475,
-51.3857843434736,
-46.7817899747529,
-36.5014353159652,
-23.2397225658171,
-8.64426421485684,
6.35836956517381,
21.0657377604857,
34.6133006661166,
45.5012294125233,
51.1627237491853,
49.2621813291233,
40.6890999286907,
28.2602948787412,
14.0155019333326,
-0.92394697495753,
-15.8211875230984,
-29.9162672141602,
-42.0051190216026,
-49.9078853858189,
-50.8490123101991,
-44.3831319876988,
-33.0517193799062,
-19.2990580022869,
-4.51580879766663,
10.4754086043986,
24.9659467032871,
37.9709489787868,
47.7152852874267,
51.4286371231556,
47.4458927233223,
37.5369145660539,
24.452609598391,
9.92929010705083,
-5.06640597771834,
-19.828266700722,
-33.5218706957672,
-44.7248881442791,
-50.9550655053807,
-49.7262016968164,
-41.6183671134647,
-29.4246735133747,
-15.2831181623955,
-0.372138217394251,
14.5558369692723,
28.7576738625269,
41.0882539929283,
49.4660639307277,
51.0814573206384,
45.1752967982983,
34.1508638626042,
20.5398422713821,
5.80853499151177,
-9.1917579203852,
-23.7573233369885,
-36.9449931069937,
-47.0698323407622,
-51.4113718473025,
-48.0655939870494,
-38.5496046064985,
-25.655261939604,
-11.2109511004082,
3.7727759137583,
18.5831962142174,
32.4126645692361,
43.9119617175659,
50.6894974391166,
50.1375749672164,
42.5179904081795,
30.5751857075245,
16.5452575538744,
1.66810226820366,
-13.2853171502935,
-27.5857625037706,
-40.1427626623648,
-48.9726297627402,
-51.2554135249848,
-45.929709530889,
-35.2315353682249,
-21.7726575506522,
-7.09934430795588,
7.90501025348054,
22.5389000916157,
35.8970789766426,
46.3811757923812,
51.3340709116286,
48.638826353392,
39.5379975790739,
26.8468896380759,
12.4887702753589,
-2.4779106464549,
-17.331146372593,
-31.2868428481624,
-43.0644447960525,
-50.3672122387738,
-50.4946105128034,
-43.386140239706,
-31.7108325204084,
-17.8013673884754,
-2.96352272080727,
12.010148061663,
26.4014466724717,
39.1703573465434,
48.4294744960604,
51.3700717945976,
46.64430933694,
36.2924654132999,
22.9968349567548,
8.38779478045266,
-6.61562303872712,
-21.3114035051606,
-34.8285939293511,
-45.6514052685218,
-51.1971014410555,
-49.1635672470624,
-40.5005075690563,
-28.0266583705504,
-13.7622559179105,
1.18223677941735,
16.0727096061,
30.145501726665,
42.1842754762719,
49.9896152087751,
50.7957841278373,
44.2209182108757,
32.830556254658,
19.0508712532815,
4.25797506774067,
-10.7308316598289,
-25.2055901022736,
-38.1726728411155,
-47.8385791883878,
-51.4248909118861,
-47.3170121193464,
-37.3323131674922,
-24.2116710367423,
-9.67343546892449,
5.32404364930484,
20.0755237334606,
33.7408513545047,
44.8825981104332,
51.0011068634609,
49.6378657591422,
41.4354705669283,
29.1936861309179,
15.0308995499498,
0.113822136124824,
-14.8084531699637,
-28.9896764619308,
-41.2733270321912,
-49.5582964393736,
-51.0397670972829,
-45.0203639192677,
-33.9332369787518,
-20.2931666497553,
-5.55103114527511,
9.44785388537971,
23.9990100973399,
37.1512657327103,
47.2019862490103,
51.4196098642108,
47.945728630129,
38.3496629766347,
25.4164248437943,
10.9558047084496,
-4.03071112834115,
-18.8319174253874,
-32.635093336649,
-44.0768023895642,
-50.7469924128668,
-50.0598713770329,
-42.3411456379211,
-30.3470398266098,
-16.2941738723138,
-1.40984400121993,
13.5389214930341,
27.8203448679475,
40.3334019065074,
49.0750012173203,
51.2254530587902,
45.782464124334,
35.0176891380408,
21.5276224816943,
6.84225750766398,
-8.16168660235584,
-22.782480803743,
-36.107614829159,
-46.5217734695587,
-51.3542538603091,
-48.5283855211112,
-39.3430224454029,
-26.6103148836042,
-12.2344282996034,
2.73605787501915,
17.5812104670446,
31.5124936655335,
43.2360228412952,
50.4359053149633,
50.4278638890998,
43.2157175540614,
31.4857318083562,
17.5515306120846,
2.70540657722314,
-12.2646384157872,
-26.6384308149002,
-39.3662276687221,
-48.5415998308516,
-51.3519814657359,
-46.5051645140843,
-36.0826583334953,
-22.7535764175526,
-8.13121377194133,
6.87278946278901,
21.5567363655915,
35.0431224860808,
45.8000306344059,
51.2291337467384,
49.0629492113185,
40.3108212532486,
27.7925159372251,
13.5088176314985,
-1.44051129387256,
-16.3240005969926,
-30.3741610933052,
-42.3622095712441,
-50.0692106428735,
-50.7402835526343,
-44.0573011610263,
-32.6087163681901,
-18.8023982656685,
-4.00008589300442,
10.9861093256296,
25.4448076900261,
38.3734546593175,
47.9600578103608,
51.4187565336182,
47.1863842757956,
37.1268183663878,
23.9703321233236,
9.41745092452545,
-5.58161170539197,
-20.3224739561558,
-33.9591166342916,
-45.0388389830985,
-51.0448388557949,
-49.5474522676502,
-41.2514109038376,
-28.962155770758,
-14.7784677283656,
0.144495416386035,
15.0608598968364,
29.2211427443337,
41.4572493197885,
49.6484639805715,
50.9957604599231,
44.8639477614403,
33.7148862522407,
20.0461797299556,
5.29345464248255,
-9.7038231978627,
-24.240301786481,
-37.3566550501155,
-47.3324074852359,
-51.4254607173123,
-47.8240336016378,
-38.1487686682538,
-25.1771563643687,
-10.7005095803765,
4.28859389762672,
19.0803566791883,
32.8568533391285,
44.2402536344996,
50.8022236673541,
49.9800218077092,
42.1630656342038,
30.1183117484668,
16.0428552106926,
1.15156749620169,
-13.7923371627773,
-28.0544276013991,
-40.5229590276007,
-49.1753820896291,
-51.1931419359655,
-45.6336537928528,
-34.8030692483288,
-21.2822498147229,
-6.5850805636235,
8.41825455096955,
23.0256955961532,
36.3173230701838,
46.6607215489117,
51.3720620152973,
48.4160341567943,
39.1470322589888,
26.3732759772531,
11.9799181857025,
-2.99416963018838,
-17.8310163391339,
-31.7375197481403,
-43.4062889477893,
-50.5023889817181,
-50.3589092374684,
-43.0439847340765,
-31.2600073733445,
-17.3014361623157,
-2.44725536003075,
12.5189601650512,
26.8749500078738,
39.5610814243394,
48.6518127474182,
51.3315167717927,
46.3643720581649,
35.8720249241047,
22.5099526302747,
7.87452478982962,
-7.12986532537974,
-21.8017309896852,
-35.256876170212,
-45.9470891277817,
-51.2588147104459,
-48.9603424040391,
-40.1200544015648,
-27.5578747165549,
-13.2551911551525,
1.69876717291286,
16.575056081786,
30.6022373071721,
42.5389066915152,
50.1466585510306,
50.6825204474452,
43.8922965446431,
32.38620878812,
18.5536438948936,
3.7421446766672,
-11.2412378030792,
-25.6835931392529,
-38.5732823587867,
-48.0797048250364,
-51.4102351535917,
-47.0540257242731,
-36.9204416099108,
-23.7285988464507,
-9.16134016488126,
5.83910669452153,
20.5691122730273,
34.1766569245572,
45.1935946616468,
51.0862535074216,
49.454975516474,
41.0662021481291,
28.7300899860076,
14.5258269343296,
-0.402811101171579,
-15.3130529093135,
-29.4520651464602,
-41.640006817761,
-49.7365522840899,
-50.9494454293577,
-44.7060644174447,
-33.4958212807831,
-19.7988866019596,
-5.0358089333213,
9.95966216449062,
24.4811924085544,
37.561149597667,
47.4610795203596,
51.4289232951422,
47.7005252368397,
37.9469337413403,
24.9374628204885,
10.4450695122642,
-4.54642081746423,
-19.3285091148429,
-33.0779354968256,
-44.4022997357291,
-50.8551813810628,
-49.8980394259184,
-41.9837649987916,
-29.8890094691798,
-15.7913059786853,
-0.893276098261054,
14.0455600749784,
28.2880035568235,
40.7114205908626,
49.2737572158055,
51.1584861617945,
45.4832949135267,
34.5876858517741,
21.0365448954871,
6.32781698623706,
-8.67471049683153,
-23.2685387798157,
-36.5261928381661,
-46.798003477088,
-51.3874920142195,
-48.3017882017389,
-38.9500396994644,
-26.1357795945457,
-11.7252438498539,
3.25224254216202,
18.0805593428076,
31.9619125204048,
43.5752278637231,
50.5666517744777,
50.2877583587012,
42.8709569189232,
31.0336676822087,
17.0510886400429,
2.18907243310039,
-12.7731093643639,
-27.1109974928301,
-39.7549057954519,
-48.760097421219,
-51.3086815682438,
-46.2219485062232,
-35.6605759151938,
-22.2659692188115,
-7.61773141825452,
7.38684710082984,
22.0463819716469,
35.46984470215,
46.0925643243083,
51.2861387961289,
48.8557621562066,
39.9282203120261,
27.3227417668437,
13.0013805408954,
-1.9570010683121,
-16.8258716098087,
-30.8297222696146,
-42.7143521114451,
-50.2219460506658,
-50.6225050186659,
-43.7259199810204,
-32.1630424795209,
-18.3046129521382,
-3.48415481410566,
11.4962132706509,
25.9219400535822,
38.7721437417202,
48.1975039671414,
51.3993283892428,
46.9199530137661,
36.7131942244792,
23.4864771314913,
8.90510686181623,
-6.09652515421692,
-20.8154335389589,
-34.3934625059267,
-45.3468489804367,
-51.1253432331678,
-49.360449995729,
-40.8798582050513,
-28.497496244827,
-14.272981372132,
0.661121578964952,
15.5650279336901,
29.6824360188161,
41.8215853706361,
49.8225472863368,
50.9008304084551,
44.546729910374,
33.2760515543939,
19.5512923073249,
4.77809745758753,
-10.2153670721116,
-24.7216759036237,
-37.7647377925062,
-47.5879858505,
-51.4299969396131,
-47.5752199252564,
-37.7441701329678,
-24.6973504633802,
-10.1894882780431,
4.80418847529483,
19.5763698264089,
33.2983306261733,
44.5629248929734,
50.9058560851177,
49.8139376422233,
41.8032582209981,
29.6591408943486,
15.5395305500447,
0.634973150300695,
-14.2985861153631,
-28.5210655061861,
-40.8987730398548,
-49.3701115911846,
-51.1214921553325,
-45.3314038159197,
-34.3715489885624,
-20.7905130170366,
-6.07047027283449,
8.93105082050368,
23.5110046064445,
36.734213153292,
46.9336026925792,
51.400540938749,
48.1856636924909,
38.7520573227676,
25.8978323379183,
11.4704091830606,
-3.51027323530055,
-18.3298347907743,
-32.1856633084246,
-43.7428242391427,
-50.628682538743,
-50.2144233445014,
-42.696649144658,
-30.8067211057584,
-16.800492606505,
-1.93086115558625,
13.0270820421357,
27.3465664358625,
39.94768784063,
48.866438141335,
51.2834801476179,
46.0779103744662,
35.4483219201304,
22.021631749774,
7.3608372255772,
-7.64373124928,
-22.2906838510458,
-35.6820176879644,
-46.2364397628238,
-51.3111008924497,
-48.7492239384668,
-39.7353321599514,
-27.0871240679587,
-12.7473898124139,
2.21520962858211,
17.0764426929327,
31.056607789144,
42.8885309964841,
50.2950605231548,
50.5602478079063,
43.5581869992027,
31.9392263060187,
18.055310205078,
3.22611969341646,
-11.7510318834433,
-26.1598419665255,
-38.9700264868763,
-48.3134390424953,
-51.3860383087109,
-46.7841827038116,
-36.5050874163649,
-23.2439728417959,
-8.64875466856943,
6.35386361049157,
21.0614325586246,
34.6095235492541,
45.4985857130194,
51.1621008442548,
49.2638903820057,
40.6923928602655,
28.2643819314887,
14.0199352143896,
-0.919423509740298,
-15.8167806623972,
-29.9122476246232,
-42.0019707065388,
-49.9064351399301,
-50.8499241749717,
-44.3859601899008,
-33.055586456409,
-19.3034018400422,
-4.52032364517302,
10.4709341871441,
24.961746146717,
37.9674079299839,
47.7131100041951,
51.4286814466233,
47.4481341029441,
37.540489657646,
24.456825477314,
9.93376963013817,
-5.06189344967631,
-19.8239338619247,
-33.5180294388756,
-44.7221132256767,
-50.9542386711785,
-49.7277301015327,
-41.6215596762394,
-29.4287138401576,
-15.2875332633584,
-0.376661993473717,
14.5514111392224,
28.7536061396694,
41.0850026970772,
49.464430379667,
51.0821667437147,
45.1779967773472,
34.1546685873346,
20.5441594205466,
5.81304390822786,
-9.18727188499337,
-23.7530872675918,
-36.9413729167662,
-47.0675026320183,
-51.4112063172861,
-48.0676767523556,
-38.5530975611988,
-25.6594407377251,
-11.2154180517899,
3.76825832765291,
18.5788379537638,
32.4087633388538,
43.9090626285573,
50.6884704388925,
50.1389165682608,
42.5210763421067,
30.579175919866,
16.5496525841259,
1.67262488236949,
-13.2808741996235,
-27.5816499266861,
-40.1394144951273,
-48.9708193193602,
-51.2559172355944,
-45.9322741525829,
-35.2352734363438,
-21.7769457334521,
-7.10384576489279,
7.90051421609648,
22.5346311119494,
35.8933846185149,
46.3786989507042,
51.3336963173882,
48.6407433520359,
39.5414029976206,
26.8510285223978,
12.4932229656499,
-2.47338949842439,
-17.3267648048402,
-31.2828855803147,
-43.0614284050674,
-50.3659896231969,
-50.4957596834594,
-43.3891130351432,
-31.7147690308276,
-17.8057403787114,
-2.96804269588652,
12.005689772531,
26.397292340481,
39.1669181494521,
48.4274939361859,
51.3703674289274,
46.6467313578892,
36.2961322722737,
23.001091779701,
8.39228722030253,
-6.6111185772991,
-21.3071040856351,
-34.8248301146506,
-45.6487885765841,
-51.1965195545877,
-49.1653115288972,
-40.5038197790462,
-28.0307543474844,
-13.7666926026871,
1.17771355217182,
16.0683067533376,
30.1414921386796,
42.1811484384721,
49.9882022232451,
50.7967358740964,
44.2237711286134,
32.8344352644738,
19.0552201473791,
4.26249091660528,
-10.726359755021,
-25.2013969468382,
-38.1691481831947,
-47.8364355497504,
-51.424977066247,
-47.3192842449901,
-37.3359040076776,
-24.215893980642,
-9.67791730001825,
5.31953230972423,
20.0711962226274,
33.7370225408425,
44.8798487765645,
51.0003203991037,
49.6394306735515,
41.4386836246496,
29.1977360345152,
15.0353184227176,
0.118345967724707,
-14.8040309707771,
-28.985618064542,
-41.270095764735,
-49.5566989231053,
-51.0405171561386,
-45.023090018299,
-33.9370544660762,
-20.2974892962317,
-5.55554136520788,
9.44337003522372,
23.9947808936557,
37.1476609101966,
47.1996867366219,
51.4194861272369,
47.9478435830888,
38.3531727234822,
25.4206112533112,
10.9602742985474,
-4.02619443040666,
-18.8275640597297,
-32.6312037378526,
-44.0739274936384,
-50.7460049668712,
-50.0612506757495,
-42.3442533348714,
-30.3510403065849,
-16.2985730572001,
-1.4143669646076,
13.534481810324,
27.8162409775342,
40.33007257119,
49.0732254983714,
51.2259979867199,
45.7850562982484,
35.0214408461538,
21.5319166246875,
6.84676057461764,
-8.15719243136439,
-22.7782181819731,
-36.1039348686707,
-46.5193253693638,
-51.3539208224874,
-48.5303361197333,
-39.3464457539612,
-26.6144619563982,
-12.238883969486,
2.73153731823185,
17.5768333803082,
31.5085472626502,
43.233029290592,
50.4347212881251,
50.4290518316207,
43.2187134289634,
31.4896793178634,
17.5559081561023,
2.70992719654282,
-12.2601830443912,
-26.6342845656594,
-39.3628061609856,
-48.5396526209275,
-51.3523187132994,
-46.5076155369599,
-36.0863397600349,
-22.757839687429,
-8.13570813473521,
6.86828655601122,
21.552442821648,
35.0393721505807,
45.7974412365243,
51.228592986745,
49.0647284576069,
40.314152505542,
27.7966207126287,
13.5132576482622,
-1.43598836316927,
-16.3196018291369,
-30.3701616462923,
-42.3591040656571,
-50.0678351499804,
-50.7412750107681,
-44.0601785184721,
-32.6126071516139,
-18.806752130672,
-4.00460268356046,
10.9816399996049,
25.440622045924,
38.3699466026412,
47.9579461027844,
51.4188845025019,
47.1886868581396,
37.1304247536251,
23.974562026752,
9.42193499882168,
-5.57710161463261,
-20.3181518620828,
-33.9553004312065,
-45.0361155153251,
-51.0440929043796,
-49.5490534432252,
-41.2546442098683,
-28.9662151181214,
-14.7828902984601,
0.139971587740731,
15.0564414024806,
29.2170938041192,
41.4540383255087,
49.6469027507935,
50.99655101754,
44.8666996980269,
33.7187163331118,
20.0505077841686,
5.29796610511391,
-9.6993415974496,
-24.2360795529529,
-37.3530657949519,
-47.3301384588591,
-51.4253787968793,
-47.8261804566996,
-38.1522949949528,
-25.1813502740045,
-10.7049817425255,
4.28407814741767,
19.076008293039,
32.8529755300217,
44.2374032061393,
50.8012759506816,
49.9814385757439,
42.1661948374689,
30.1223223552204,
16.0472584726743,
1.15609075019605,
-13.7879008192872,
-28.0503325221222,
-40.5196487583876,
-49.1736413620359,
-51.1937279797658,
-45.6362732317875,
-34.8068344176276,
-21.2865498238156,
-6.58958517899263,
8.41376230929667,
23.0214394313976,
36.3136576964878,
46.6583024799861,
51.3717705967165,
48.4180180771153,
39.1504732344103,
26.3774311209455,
11.9843767663758,
-2.98964972361487,
-17.8266438144163,
-31.7335843595329,
-43.4033185035828,
-50.5012437471001,
-50.3601357478346,
-43.0470034224173,
-31.2639657327916,
-17.3058181791942,
-2.45177656461947,
12.5145077802429,
26.8708119590786,
39.5576778293252,
48.6498991655368,
51.331895568986,
46.3668517932057,
35.8757207292451,
22.5142222480763,
7.87902101265038,
-7.12536403486241,
-21.7974434155224,
-35.2531394929136,
-45.9445273112374,
-51.2583151776315,
-48.9621563475915,
-40.1234044621867,
-27.5619881661132,
-13.2596344326848,
1.69424459736168,
16.5706614764612,
30.5982481421358,
42.5358229750491,
50.1453207786751,
50.6835514417467,
43.8951980674849,
32.3901111872258,
18.5580026461592,
3.74666234937407,
-11.236771122548,
-25.6794151178881,
-38.5697911158729,
-48.0776253339547,
-51.4104049126976,
-47.0563584736401,
-36.9240633447615,
-23.7328356050901,
-9.16582641789693,
5.83459791311082,
20.564795685387,
34.172853501285,
45.1908973425115,
51.0855482052748,
49.456612701172,
41.069455457887,