72.4579620450641,
61.5881598475253,
50.3468736355075,
36.848220428008,
18.5803717278484,
-6.67233411118796,
-35.8092749223857,
-60.5523827597935,
-78.3746471124487,
-91.6317876100112,
-102.787128183233,
-113.69630580577,
-126.1263846543,
-142.338166824289,
-164.991974749207,
-193.624465902979,
-220.704369450497,
-240.864817619026,
-255.452557779985,
-267.130997683174,
82.0661494705606,
70.41091229316,
55.8771559021164,
35.8062452712679,
8.80034978352941,
-19.8715505495184,
-42.620586299984,
-58.8998368126915,
-71.3630718885366,
-82.2802256387262,
-93.4212752544376,
-106.636793280504,
-124.381235202102,
-149.032272032431,
-178.163688373693,
-203.505705533384,
-221.854460984777,
-235.39755335378,
-246.65517711204,
-257.518923103623,
-269.739210463934,
74.4827555050629,
52.4570925174506,
24.1219064275108,
-3.42192716988471,
-24.1827161800963,
-39.1393797063322,
-50.9798543523152,
-61.789881476972,
-73.3000852894148,
-87.4885289690882,
-106.976364423385,
-133.469933667019,
-162.364120453371,
-185.742799632925,
-202.480727742386,
-215.172942146085,
-226.150225393403,
-237.204424527723,
-250.155123917329,
-267.396958844375,
68.568493146691,
39.515427680351,
13.5963225788525,
-5.29879772604068,
-19.1467806815767,
-30.5203860504563,
-41.3513317790961,
-53.3779648538998,
-68.7437944388411,
-90.1470124492382,
-118.1245874071,
-146.083530700511,
-167.457016953229,
-182.803559805616,
-194.82127711902,
-205.650961912881,
-217.030496178259,
-230.893630271057,
-249.815512112185,
84.2382850986286,
55.1908066032578,
31.1861845462647,
13.9679899074913,
1.02957535087094,
-10.0207796907934,
-21.0012797997743,
-33.7049374829642,
-50.4654724478448,
-73.8743823885202,
-102.777545593667,
-129.24553743514,
-148.705745952319,
-162.878088983665,
-174.38168191918,
-185.192368463361,
-197.041016550371,
-212.015949671926,
-232.805947038938,
-260.370913150173,
71.3097603457035,
49.3141963709645,
33.5564802192064,
21.3458727848364,
10.483992718297,
-0.778893587809008,
-14.3362126851668,
-32.7108000130356,
-58.0811235404504,
-87.210432917785,
-111.832110231436,
-129.551896633933,
-142.754262485159,
-153.890830353329,
-164.810582506367,
-177.284444513918,
-193.585260490007,
-216.364593709113,
-245.048716490952,
87.96913019791,
67.9266288128273,
53.4099463520763,
41.76201923914,
30.959106668879,
19.2732151603668,
4.66820441692334,
-15.5207971859889,
-42.6240397434141,
-71.2436829391697,
-93.8672063633023,
-110.057630798537,
-122.477242472565,
-133.383944048893,
-144.543894845563,
-157.814363492112,
-175.661482497651,
-200.433803818678,
-229.572152082868,
-254.796347127863,
86.9614445860812,
73.476836943575,
62.2406822025991,
51.368892943911,
39.1080966956826,
23.2453403100793,
1.09481981250034,
-27.3045888622764,
-54.7596593919619,
-75.399727369427,
-90.2812038860064,
-102.088184766119,
-112.895787114944,
-124.433738775592,
-138.689392194516,
-158.292125564279,
-184.890807290594,
-213.746099374009,
-236.99942793401,
-253.6442133353,
-266.289434345465,
82.7462932661811,
71.6758410156284,
58.6737983160341,
41.3334803562792,
17.1751602524916,
-11.8992872369602,
-37.705421331149,
-56.4901144170369,
-70.2757953193967,
-81.6251780778541,
-92.4616579199026,
-104.525621857444,
-119.971895330585,
-141.49853658758,
-169.551951121837,
-197.432347501803,
-218.682871239527,
-233.950020876823,
-245.931179292616,
-256.755948118742,
-268.160395845367,
77.9132073208684,
58.8799752008911,
32.822199047177,
3.79963281621553,
-20.080774291405,
-37.2015378457657,
-50.0894849527228,
-61.1242349490775,
-72.1183841477573,
-84.8698848984552,
-101.724627626679,
-125.258701856934,
-154.197350163179,
-180.558509524004,
-199.904668011061,
-214.010787151785,
-225.487339928631,
-236.301066680481,
-248.183958784539,
-263.235112934007,
75.8535606973322,
48.2022474995952,
19.9501141184777,
-1.92087998953714,
-17.5949363159863,
-29.7658298791609,
-40.6202892353266,
-51.9053202042918,
-65.5220585180913,
-84.0041730308058,
-109.491236351108,
-138.61001912445,
-163.109689720032,
-180.727826434882,
-193.876144155552,
-204.994470444277,
-215.925304857165,
-228.443614494256,
-244.834325125787,
-267.739215689218,
63.5276415077801,
36.6448772483113,
16.7197145110794,
2.27327710657223,
-9.34472179745265,
-20.1481890583365,
-31.8653233389247,
-46.5424054791471,
-66.8500845249454,
-94.0489719215272,
-122.613786439451,
-145.111872562722,
-161.21433147779,
-173.590979259233,
-184.48773497063,
-195.667120573215,
-208.993271685553,
-226.94388960254,
-251.836861099021,
79.020759766851,
53.915203302772,
35.7787442566492,
22.3518733080248,
11.136645848226,
0.256310819781461,
-12.0456390543979,
-27.9939752603677,
-50.2695509509244,
-78.7307456053691,
-106.095161568113,
-126.615022047698,
-141.422141118411,
-153.196228873323,
-164.001901927173,
-175.568174746634,
-189.891836452374,
-209.610135088515,
-236.312485502473,
-265.126163682648,
71.7459650303238,
55.1934630833286,
42.594555618992,
31.6427815247267,
20.5555521251343,
7.50145576453283,
-9.93818910956886,
-34.2198758105685,
-63.3128457520788,
-89.0049403443204,
-107.679961287197,
-121.404109395533,
-132.729823231649,
-143.57233583082,
-155.674256572612,
-171.201822849193,
-192.852229222275,
-220.979252741444,
-248.778971902637,
-269.90693257086,
74.9044672912344,
62.9592498931239,
52.1388996729517,
40.7089790295078,
26.7185409193517,
7.57322709304743,
-18.5949387992974,
-47.5897666904543,
-71.3456499419376,
-88.3698329581736,
-101.208013444507,
-112.227678582748,
-123.235992672194,
-136.036025643479,
-152.985832498705,
-176.644876483157,
-205.616237645914,
-231.869237118198,
-251.102043524102,
-265.142728533524,
83.407191886693,
72.5899287750233,
60.6721844539497,
45.5439729994503,
24.5108525731858,
-3.2248073909258,
-31.40739962694,
-53.1540885967926,
-68.745339315098,
-80.8771552252128,
-91.7246944808493,
-103.032417022966,
-116.709332127726,
-135.299754260599,
-160.902629511136,
-190.00799735519,
-214.385131163116,
-231.902451155168,
-244.997442970765,
-256.098056852499,
-267.040482459736,
80.3960917712202,
63.9146256826346,
40.8841812938243,
12.1046607065823,
-14.6771270780646,
-34.4855759512939,
-48.8625773090272,
-60.4512295314678,
-71.2557465104307,
-83.0047151680484,
-97.7546891979392,
-118.181613885088,
-145.474393176503,
-173.981841345794,
-196.354598860794,
-212.369952306989,
-224.704291745068,
-235.591606817076,
-246.790962924171,
-260.173532640903,
81.7715343848684,
56.7585945129864,
27.615088186974,
2.62893780720556,
-15.4025769133087,
-28.7724549229803,
-39.9672946154819,
-50.8566788488877,
-63.2004309494325,
-79.2352055650785,
-101.636002835599,
-130.156509307653,
-157.428428687303,
-177.828615570338,
-192.562203581778,
-204.303995555156,
-215.108234583361,
-226.703404787312,
-241.095877154624,
-260.930393683062,
72.2650828640123,
43.4957114650423,
20.4933662168341,
4.03228766419432,
-8.5209819908156,
-19.4607689999612,
-30.5653013847987,
-43.6721660266057,
-61.2119781159483,
-85.6165816534844,
-114.725202477635,
-140.302240021675,
-158.868353520067,
-172.531733905905,
-183.834330019506,
-194.683374679486,
-206.823881832414,
-222.433591890366,
-244.208078210425,
87.5935630949724,
59.8766053170571,
38.8707839195057,
23.7598921245486,
11.8500013906045,
1.03357289854574,
-10.4223827750482,
-24.4776447778459,
-43.7357602260481,
-70.0130805456939,
-98.9773618625968,
-122.608454236059,
-139.536909655145,
-152.326020127166,
-163.331118966448,
-174.354115279508,
-187.203373812822,
-204.249099359749,
-228.032878056534,
-257.03415889812,
76.8222770397873,
57.7021121563801,
43.726075522979,
32.3019049282923,
21.4806089171531,
9.52740073208909,
-5.67870710250657,
-26.8340637270274,
-54.6520226482006,
-82.7627670850949,
-104.385444181231,
-119.894741753573,
-131.988112490916,
-142.829231499412,
-154.160194919497,
-167.898048619058,
-186.597550157485,
-212.315259120012,
-241.404332422592,
-265.658444848422,
76.9242146306539,
63.8818307794676,
52.7984020315285,
41.8438750359846,
29.2346605708152,
12.661578534991,
-10.4943797500415,
-39.3176067704271,
-65.9968822630014,
-85.689258000016,
-99.9976286119088,
-111.557512675798,
-122.363574515408,
-134.144972367347,
-148.968662135978,
-169.515381646417,
-196.90024956758,
-225.347828958321,
-247.595399371506,
-263.524506663184,
84.1828106187687,
73.3044319896644,
62.0845675522078,
48.6448388022315,
30.4847807654281,
5.35260236331879,
-23.7891267422788,
-48.6551519930683,
-66.582533808204,
-79.8961583479458,
-91.0711476182284,
-101.970085478683,
-114.356292304589,
-130.478364828767,
-153.00451791554,
-181.581825771068,
-208.75945652823,
-229.040523318148,
-243.701403376537,
-255.411493662515,
-266.214793777164,
82.1605594432814,
67.698470277264,
47.7470986367809,
20.8419495283015,
-7.88045012086875,
-30.7572376231427,
-47.1277533647641,
-59.6360568630004,
-70.5643666943767,
-81.6867297580596,
-94.8470815801555,
-112.487897212363,
-137.014922871488,
-166.136312854266,
-191.597326434146,
-210.055306256054,
-223.658679778427,
-234.938706933794,
-245.794783672563,
-257.974510550031,
86.3327827400409,
64.4339295218904,
36.1665516590737,
8.53439250675391,
-12.3497369593864,
-27.3837588714051,
-39.2589338127246,
-50.0719370248728,
-61.5544925515293,
-75.6753651024835,
-95.0469899636007,
-121.432177582307,
-150.363123683243,
-173.86919927134,
-190.702782088931,
-203.443514948837,
-214.434564474456,
-225.472761929967,
-238.371943575196,
-255.514440248784,
80.5773226722419,
51.5489345325323,
25.5160296107083,
6.50778370492733,
-7.40438625880044,
-18.8032093823551,
-29.6290352744007,
-41.6183224624149,
-56.9031684185334,
-78.1811796603058,
-106.079342976953,
-134.115975391581,
-155.614961569527,
-171.043156526646,
-183.098710874117,
-193.933908786727,
-205.288664836952,
-219.0882231424,
-237.897566679741,
-263.729080430973,
67.2010098514545,
43.0703586006814,
25.7521564149048,
12.761666864379,
1.69489782235835,
-9.27224206922518,
-21.9279218848725,
-38.5934797724051,
-61.8748747795665,
-90.7391093244864,
-117.31438847367,
-136.891347054816,
-151.13188844448,
-162.663579918661,
-173.471681930875,
-185.286107054628,
-200.184339668893,
-220.851383412339,
-248.326486826949,
83.2882684268103,
61.1657116495878,
45.3219921563304,
33.0703184255561,
22.2003730175929,
10.9594602431568,
-2.53817225323999,
-20.8041587451343,
-46.0547972578925,
-75.1918458884155,
-99.9370748878983,
-117.761141254487,
-131.019247502151,
-142.174921580031,
-153.08391853084,
-165.513236514731,
-181.723467132393,
-204.375077266729,
-233.006641133469,
-260.088241642374,
79.749239308439,
65.1602474742443,
53.4812679830867,
42.6784117728687,
31.0237062111452,
16.4911904168621,
-3.57765745495184,
-30.581833272822,
-59.2546256606584,
-82.0058599323426,
-98.2866736977765,
-110.750678636592,
-121.668019950245,
-132.808743297704,
-146.02330548543,
-163.765956609436,
-188.414864052519,
-217.546133173948,
-242.890206145701,
-261.240834589627,
85.2150421262193,
73.9570375474789,
63.0934279433298,
50.8738442811324,
35.0972863342897,
13.0738079924686,
-15.2602319085694,
-42.8056028392383,
-63.568510449267,
-78.5264981119274,
-90.3675646953083,
-101.177638700403,
-112.687361664192,
-126.874635412209,
-146.360464726132,
-172.85218061482,
-201.747024174362,
-225.127897399359,
-241.867464337643,
-254.560507804014,
-265.538023481624,
83.4080573614174,
70.4582508277522,
53.2181330649787,
29.1857559890988,
0.133090377212582,
-25.7879833238861,
-44.6850441736132,
-58.5341250844602,
-69.9081596047214,
-80.739012855207,
-92.7649977213919,
-108.129426068009,
-129.530485809648,
-157.506713002076,
-185.467012610067,
-206.842655676383,
-222.190596449391,
-234.208959533848,
-245.038734854009,
-256.417837786574,
89.7201291094519,
70.800190728079,
44.8559521253437,
15.8080626275797,
-8.19873176053968,
-25.4186402417722,
-38.3579448886932,
-49.4085778613704,
-60.3888435247845,
-73.0916694623541,
-89.8505622352343,
-113.257278718499,
-142.159795917401,
-168.629646544947,
-188.091858524925,
-202.265368374958,
-213.769439924523,
-224.580077644978,
-236.428131425593,
-251.401737145626,
87.8103860072386,
60.2469496002471,
31.9264675268771,
9.92871981496539,
-5.83046906579656,
-18.0417776879263,
-28.9037921761153,
-40.1662955283223,
-53.7225807597471,
-72.0952920003334,
-97.4635631330872,
-126.593031081701,
-151.216840062873,
-168.938414018647,
-182.141732858484,
-193.27862491215,
-204.198187512165,
-216.671277054148,
-232.970526403233,
-255.747660958626,
75.5690980920998,
48.5852186631549,
28.5406568948952,
14.0227370244028,
2.37428058859524,
-8.42862667763908,
-20.1139762931866,
-34.7177321624783,
-54.9046605772812,
-82.0062128215264,
-110.626793400001,
-133.25251433652,
-149.444486950727,
-161.864856902466,
-172.77173716545,
-183.931352366813,
-197.200852396698,
-215.0461661643,
-239.816368787065,
-268.954620601957,
65.8191138033532,
47.5750464333602,
34.0894210138158,
22.8528949597335,
11.9812508806686,
-0.27883041253898,
-16.1400957087004,
-38.2884278248086,
-66.6867326401034,
-94.143374065963,
-114.785551835956,
-129.668337933405,
-141.475900202424,
-152.283540752278,
-163.821001549731,
-178.075471086747,
-197.676186501854,
-224.273039695478,
-253.12903639744,
83.6154387868333,
66.9690295956416,
54.3229914655519,
43.3584956357034,
32.2883325239912,
19.2871950825257,
1.94860909529023,
-22.2075467866688,
-51.281644382571,
-77.0897662442297,
-95.8763867406513,
-109.66315208938,
-121.012954280166,
-131.849332917022,
-143.912637716435,
-159.357495103824,
-180.881971869119,
-208.934077310673,
-236.81586771875,
-258.068541496598,
86.6629257431611,
74.6811324087371,
63.8562817710909,
52.4522751514827,
38.5269929042011,
19.4957171522005,
-6.56011508403221,
-35.5831419579086,
-59.4657271841672,
-76.5881897090623,
-89.4770145951939,
-100.512033397855,
-111.505939131226,
-124.256596104568,
-141.109681629462,
-164.641565452993,
-193.57961610571,
-219.942657961728,
-239.290807804765,
-253.398079897981,
-264.875101335051,
84.3112294226558,
72.4289422457702,
57.3791301176015,
36.4699326125772,
8.8201145153689,
-19.4332159171431,
-41.3063893855481,
-56.981903466819,
-69.1534870423214,
-80.008072046048,
-91.2927105042601,
-104.908401722759,
-123.388626406786,
-148.873653135414,
-177.992645128835,
-202.49445708398,
-220.114366805317,
-233.263624828273,
-244.382266018016,
-255.312901975967,
-267.830427476229,
75.7804435953742,
52.8777519534052,
24.1454449788405,
-2.73907365707758,
-22.6662859820995,
-37.1139465958104,
-48.732464611534,
-59.5359178998296,
-71.2524999551924,
-85.9283128826894,
-106.233908624739,
-133.43113595613,
-161.996932604052,
-184.497214633689,
-200.601206660721,
-212.97860120426,
-223.87552674496,
-235.054567389347,
-248.379737031503,
-266.328535365706,
68.7806003206752,
39.6382668025118,
14.5306259128706,
-3.60767818181636,
-17.0355538441889,
-28.2511431491118,
-39.1313241898964,
-51.4325477848372,
-67.3793778745586,
-89.6527619884297,
-118.112895781677,
-145.478915341655,
-166.000876442929,
-180.809290593646,
-192.583949247133,
-203.389651826786,
-214.955423717912,
-229.277887523919,
-248.994156643005,
84.3052957446201,
55.4908655471547,
32.3607964649689,
15.8066857836959,
3.20697306995055,
-7.74501550124577,
-18.8319465694169,
-31.8851251950402,
-49.3230233476602,
-73.6025533069291,
-102.695223542248,
-128.389324174997,
-147.066259220581,
-160.791478339438,
-172.117601932876,
-182.960004588743,
-195.061255199074,
-210.587390504885,
-232.235626629378,
-260.361380494199,
71.837469403703,
50.707365902618,
35.517397395894,
23.5715558694244,
12.7511325435532,
1.3216628274088,
-12.6676470267929,
-31.8109917731278,
-57.9772349206596,
-86.9725727985762,
-110.730639215928,
-127.756506285733,
-140.59555231422,
-151.615477163055,
-162.623538741109,
-175.422715830143,
-192.370850499338,
-216.027707830078,
-244.998520073853,
88.74657515877,
69.5117897301643,
55.4699655647507,
44.0194272299633,
33.2022303199831,
21.2851016068248,
6.15824684352813,
-14.8727367695237,
-42.6069370747069,
-70.7907671295856,
-92.5396305757503,
-108.13232410381,
-120.264818916636,
-131.112475059477,
-142.419795492526,
-156.095650198371,
-174.684168907889,
-200.285024248256,
-229.390651825205,
-253.769935882488,
88.7109857445026,
75.615066237848,
64.514146705831,
53.5719284770209,
41.0092985869401,
24.5294292745459,
1.50118343477761,
-27.2775478516538,
-54.0611173693779,
-73.8716047495495,
-88.2498151802519,
-99.8389763562742,
-110.643470692555,
-122.391876736859,
-137.140567155836,
-157.565398749965,
-184.856549109095,
-213.365023550579,
-235.739974783654,
-251.756846285684,
-264.091921039305,
85.0206028982301,
73.8216011489996,
60.4400258311376,
42.3869266811339,
17.3760816402261,
-11.7674299328753,
-36.7556777608451,
-54.7890233763496,
-68.1598931114729,
-79.3550852195713,
-90.2443066404808,
-102.587321069614,
-118.620574524344,
-141.019177578393,
-169.538666834353,
-196.8122216413,
-217.214499625127,
-231.949368272243,
-243.691720711197,
-254.495980593219,
-266.090639752207,
79.5180998645136,
59.6856241518337,
32.8828768621702,
4.11270652189723,
-18.891837404496,
-35.3545096241426,
-47.9085727298117,
-58.8485652746005,
-69.952790103389,
-83.058724458507,
-100.596775143462,
-124.999230200542,
-154.107601700167,
-179.686662668127,
-198.254676797679,
-211.919114831753,
-223.222111070788,
-234.071037037329,
-246.210863000919,
-261.819127168398,
76.4085620362774,
48.2114328094218,
20.4930079927529,
-0.514948610925856,
-15.6271940665982,
-27.537698200005,
-38.3541910999489,
-49.8096859789667,
-63.8638059852175,
-83.1199398482925,
-109.395359502216,
-138.360199822132,
-161.993479681755,
-178.923604198469,
-191.713568049418,
-202.718917531627,
-213.741652259917,
-226.590042732558,
-243.634081145068,
-267.415677657297,
63.5835413337487,
37.4380500846565,
18.3159187272594,
4.33875666384497,
-7.08586282833971,
-17.9070839384011,
-29.8596657740572,
-45.0644021996559,
-66.2176144696005,
-94.0341499989365,
-122.146172288398,
-143.771018484317,
-159.281743953622,
-171.375782549173,
-182.217009697293,
-193.547561367607,
-207.284341290758,
-225.981925967267,
-251.697632586108,
79.212984034191,
54.9567132598836,
37.5376290550986,
24.4943300491059,
13.4106048688238,
2.45629419771671,
-10.1521125749742,
-26.723582769335,
-49.8773435225812,
-78.6998282663711,
-105.380911943367,
-125.07531483324,
-139.38488044742,
-150.94526335896,
-161.751293883311,
-173.532118677176,
-188.354510378759,
-208.899127346405,
-236.282398345734,
-264.731047522176,
73.0191911021617,
57.0885807959427,
44.7951741404551,
33.9166433421841,
22.6971426999744,
9.25842135264787,
-8.89978873005198,
-34.0298854991334,
-63.1716707114397,
-88.0398055889488,
-105.969004035642,
-119.283607387652,
-130.458939681531,
-141.357705886903,
-153.743163580645,
-169.863699885202,
-192.387656686118,
-220.963991594537,
-248.143288729905,
-268.426436762945,
76.911416929009,
65.2007765539561,
54.3974642551912,
42.7733386895904,
28.3124756572128,
8.36315585545074,
-18.5402446327874,
-47.2634896450593,
-70.1424760667197,
-86.5145704012815,
-99.0236556227103,
-109.95216207077,
-121.074208320785,
-134.233617229479,
-151.872656847421,
-176.397543080455,
-205.518734282258,
-230.981787785764,
-249.441654613129,
-263.046072495416,
85.6735098134646,
74.8175605312506,
62.6385259662551,
46.947280098139,
25.0506071853581,
-3.21558212622179,
-30.8492435870149,
-51.7355002272373,
-66.7708611402272,
-78.6466388127035,
-89.4596977419834,
-100.941782558891,
-115.061499302351,
-134.431130290867,
-160.81444023125,
-189.745993993421,
-213.254260674658,
-230.089497600812,
-242.831071749875,
-253.822362877848,
-264.860289646974,
82.2414090207549,
65.1006143897596,
41.1945542964703,
12.1666165817966,
-13.8682365130066,
-32.8784361394403,
-46.7917178784726,
-58.1909800888221,
-69.0167223721982,
-81.0053724077739,
-96.2888321915796,
-117.564691959833,
-145.461468963827,
-173.499418512813,
-195.000567936304,
-210.430175912889,
-222.486387138466,
-233.321684454951,
-244.676019071382,
-258.474490149449,
82.7180964479606,
56.8885665831684,
27.8182966452159,
3.68547972550888,
-13.6344513823911,
-26.6258436262912,
-37.6928999145693,
-48.6598145122281,
-61.3146747500153,
-77.9786057434869,
-101.257804895523,
-130.12134465706,
-156.69845753436,
-176.277431653045,
-190.519154041027,
-202.051334308229,
-212.859396329175,
-224.673237892593,
-239.570157927499,
-260.235090031206,
72.2913705963682,
43.9050132023542,
21.7802687705966,
5.93506128545992,
-6.31732507247748,
-17.1874138449167,
-28.4279533480739,
-41.9245653630794,
-60.1886898909372,
-85.4372608236421,
-114.574416383965,
-139.321766354228,
-157.147634987187,
-170.406707209112,
-181.562714955167,
-192.471531389605,
-204.900088711397,
-221.108768040695,
-243.758180405134,
87.6111838061457,
60.5278868544275,
40.3632967434728,
25.7730529856954,
14.0935337263138,
3.2906740003428,
-8.36350012519957,
-22.8947755722032,
-42.9615608703437,
-69.9640165122064,
-98.6377001559889,
-121.391132961149,
-137.673510243324,
-150.138285248628,
-161.055814281381,
-172.196211523615,
-185.409818096114,
-203.150678676222,
-227.797456552171,
-256.928577565392,
77.7252939166203,
59.3727922377657,
45.8276378077119,
34.5692522416329,
23.7057788710783,
11.4868987104544,
-4.28818341480067,
-26.3094771809784,
-54.6423701579056,
-82.1892778264507,
-102.95430418721,
-117.913616241677,
-129.75527494771,
-140.565395985289,
-152.07463827536,
-166.260742335417,
-185.74456571804,
-212.234427825181,
-241.129927316215,
-264.512994541878,
78.7457994278257,
66.0519266889873,
55.0741784234456,
44.0205390836769,
31.0716251894209,
13.833224331102,
-10.1969817009677,
-39.2492465856589,
-65.1722885426808,
-84.0712901656521,
-97.9214692690331,
-109.295933111278,
-120.126694036352,
-132.152030884762,
-147.515058252724,
-168.913959838651,
-196.8888385953,
-224.850493850357,
-246.228293844945,
-261.577632798094,
86.4033581557847,
75.5734921566199,
64.1948203861001,
50.3338880334603,
31.4158928840987,
5.4736188147461,
-23.574680813616,
-47.5836474248322,
-64.8052700085322,
-77.7454649620186,
-88.7963760257708,
-99.7764074013446,
-112.478401803352,
-129.235652647341,
-152.640175625949,
-181.542045975398,
-208.013754965701,
-227.477970618413,
-241.652647530587,
-253.15719786896,
-263.967786917752,
84.1847534225615,
69.2124748484784,
48.426718371675,
20.8648122673919,
-7.45682464251171,
-29.4567561636371,
-45.2174180358809,
-57.4294280420728,
-68.2915771056993,
-79.5536976710096,
-93.1089492675148,
-111.479784662721,
-136.846003131847,
-165.975628763734,
-190.601569235476,
-208.324930998534,
-221.529203049821,
-232.666419451885,
-243.585792654589,
-256.058109934772,
87.6442070791258,
64.8692711774076,
36.1869128615378,
9.2013078176738,
-10.8453145202012,
-25.3644720496897,
-37.0134579876714,
-47.8163601016809,
-59.5011680047195,
-74.1036692504233,
-94.2885246570948,
-121.388386066359,
-150.009903238664,
-172.63782171042,
-188.831342767536,
-201.252471199272,
-212.1595303042,
-223.318810073903,
-236.587341711558,
-254.430850493314,
80.8010657764572,
51.6629113006307,
26.4345754069081,
8.18864870828092,
-5.29799471774238,
-16.5348922510894,
-27.4063913046392,
-39.6657578405417,
-55.5255323102461,
-77.6716761056974,
-106.068876314386,
-133.527088056029,
-154.171375775957,
-169.05547170872,
-180.863615550875,
-191.671294453716,
-203.208264563788,
-217.461550463788,
-237.060248129005,
-263.655272347416,
67.4880271662217,
44.2303061276682,
27.5822728830426,
14.9354174244987,
3.97069799594585,
-7.09917613763268,
-20.099408538807,
-37.4362628123647,
-61.5902543483816,
-90.6640011737472,
-116.474110474906,
-135.262658613397,
-149.050508644447,
-160.400730437387,
-171.237008021978,
-183.299653875215,
-198.743095437202,
-220.26540781581,
-248.316203480763,
83.8006127366636,
62.5457887962991,
47.2758726543396,
35.2934442117659,
24.4685116100604,
13.0649459259003,
-0.859221973649496,
-19.8885415820734,
-45.9424295380904,
-74.965916188009,
-98.8506794379614,
-115.974841194242,
-128.864544074508,
-139.899831843022,
-150.893494269268,
-163.643307676591,
-180.494736260813,
-204.024429618193,
-232.961881767224,
-259.326805711049,
81.3230528759265,
67.2146275879793,
55.7371373167961,
44.9235254318934,
33.0418429956691,
17.9933726323274,
-2.91369615183212,
-30.5620185352665,
-58.816545298794,
-80.6918982086467,
-96.3688703067391,
-108.541144089713,
-119.395854894535,
-130.680101009714,
-144.294745365232,
-162.773080459989,
-188.256070312655,
-217.375270640232,
-241.87922379214,
-259.500906775415,
87.3488946778147,
76.2299384247517,
65.2995007656615,
52.7827591972271,
36.3952117079547,
13.4947189883078,
-15.236751347583,
-42.1230238728146,
-62.0522859771763,
-76.5011700482309,
-88.1202073540188,
-98.9236468215464,
-110.639676833105,
-125.314220799501,
-145.617733412185,
-172.813300141027,
-201.380078140439,
-223.882556109619,
-239.988081512398,
-252.366223019106,
-263.263318544063,
85.5579856054615,
72.2337972077398,
54.2868182059745,
29.3980612840527,
0.255774272433711,
-24.8539508071321,
-42.9941001972222,
-56.422980801472,
-67.6389321169949,
-78.5189593245135,
-90.8194568391162,
-106.764781075913,
-129.035973664314,
-157.495045837719,
-184.862668429721,
-205.386730316347,
-220.196439800531,
-231.971669535811,
-242.777401793163,
-254.34267293266,
-268.663939085005,
71.6218211127074,
44.9230767603623,
16.1078953716811,
-7.02437148439392,
-23.5800911637303,
-36.1806093341528,
-47.1328125390701,
-58.2194454370802,
-71.2717065468667,
-88.7078582357581,
-112.985231315615,
-142.077600964057,
-167.773707324973,
-186.452556707755,
-200.178847071801,
-211.505380591621,
-222.347673457314,
-234.44825412926,
-249.972958725287,
88.3809753020812,
60.2564917887674,
32.4539113852436,
11.3216649214275,
-3.86967221211124,
-15.8161380553755,
-26.6366346393374,
-38.0656536005625,
-52.0538354388133,
-71.1952113260524,
-97.3595313501884,
-126.355378353454,
-150.115627854569,
-167.143179239537,
-179.983091023844,
-191.00327574232,
-202.011084967634,
-214.809406387039,
-231.75586913231,
-255.410539737493,
75.6191977942927,
49.3623881232962,
30.1256234541257,
16.08265989171,
4.6316626288639,
-6.18546823170888,
-18.101981524528,
-33.2274798539508,
-54.2563267895307,
-81.9890668079689,
-110.174133974021,
-131.925171986318,
-147.519308585592,
-159.652482495123,
-170.50025567847,
-181.807174170905,
-195.481968711458,
-214.068584234385,
-239.667419364852,
-268.773305791438,
66.8452600507786,
49.3244230400384,
36.2275756221147,
25.1263502780978,
14.1843392712485,
1.62250505388196,
-14.8557677462382,
-37.8818150249375,
-66.6597561913828,
-93.4451069708761,
-113.25763305443,
-127.637052805106,
-139.226723112156,
-150.031194957608,
-161.779038571006,
-176.526445631724,
-196.949184301388,
-224.238705175439,
-252.748205121409,
84.8746498841933,
68.8562600627719,
56.5204497937404,
45.6328125861809,
34.4341650298826,
21.0535838838289,
3.00231830957667,
-22.0064316767999,
-51.1499476061645,
-76.1402926615641,
-94.1754694208954,
-107.547331108284,
-118.742875796794,
-129.631934559905,
-141.974211517721,
-158.005944075133,
-180.402352954075,
-208.92082422416,
-236.19601390852,
-256.600383162813,
88.6634673019268,
76.9205542151756,
66.1162733274897,
54.5221250358461,
40.1320763893842,
20.3016412969275,
-6.49932935517374,
-35.2702978192149,
-58.2770404138964,
-74.7413065644917,
-87.2961633268383,
-98.2363615636629,
-109.340278998232,
-122.44528328712,
-139.981572824215,
-164.381879249374,
-193.490000540666,
-219.071084635736,
-237.640999633724,
-251.306495549406,
-262.609892082197,
86.5413004913564,
74.4021555228932,
58.7953369843207,
37.0252016255495,
8.82930257655333,
-18.8905886537856,
-39.9006806006841,
-55.0142799742415,
-66.9253976944787,
-77.7419551545703,
-89.1969894122245,
-103.249967663172,
-122.504120158279,
-148.777638752,
-177.743037219508,
-201.378504495811,
-218.310298372375,
-231.101115814633,
-242.106716098332,
-253.129189400996,
-265.976712026876,
76.9809364335729,
53.2015221904018,
24.2012418765682,
-1.94617618393154,
-21.0702742368675,
-35.0485619700627,
-46.4736305319719,
-57.2947768933743,
-69.246732568267,
-84.4500978430171,
-105.601165886863,
-133.416277382201,
-161.529576829549,
-183.156592223557,
-198.668745850692,
-210.763452497315,
-221.604787938149,
-232.934928027891,
-246.67063440954,
-265.366302458085,
68.9199935820435,
39.8303010052458,
15.5718720175645,
-1.84895612903777,
-14.8931705087376,
-25.9771922825171,
-36.9312867860538,
-49.5388860737704,
-66.1087446904053,
-89.2603078884288,
-118.082049527989,
-144.764940933964,
-164.461371177818,
-178.772132040128,
-190.333013975856,
-201.139013336857,
-212.919265256058,
-227.740359144246,
-248.282873731593,
84.335452758993,
55.8857345533514,
33.6337821621612,
17.7016685781381,
5.40753778653667,
-5.47114533523783,
-16.6902823478016,
-30.1279965208573,
-48.2843588958938,
-73.4123737934865,
-102.554214222035,
-127.424458520199,
-145.355473849137,
-158.671056238913,
-169.846731720547,
-180.74532642585,
-193.130035188733,
-209.249035537483,
-231.770796083783,
-260.346157264595,
72.472879756254,
52.1876503046327,
37.5242374955062,
25.8130468501383,
15.0097222154427,
3.3861176852553,
-11.0735194618364,
-31.0207876154737,
-57.9224389933552,
-86.6465285602367,
-109.527713902502,
-125.901387094019,
-138.411254243407,
-149.339957464161,
-160.461687062919,
-173.620153279983,
-191.257417138851,
-215.780163780335,
-244.901155314804,
89.6337515394555,
71.1719974667257,
57.5665349924493,
46.2857265979973,
35.4299046187516,
23.2515621708756,
7.56177688248222,
-14.3327158043065,
-42.5977158419145,
-70.2328790007144,
-91.121262959085,
-106.157963129353,
-118.034343719302,
-128.84745851786,
-140.329072799081,
-154.447633977511,
-173.815271306675,
-200.196703158348,
-229.128863732853,
-252.639321450126,
-269.476212747591,
77.7813716030903,
66.7898387146639,
55.7521824722787,
42.8547612377605,
25.7156683886533,
1.81178537845195,
-27.2157010433329,
-53.2525019513778,
-72.2646555235127,
-86.1790492763553,
-97.5787507449168,
-108.404409572194,
-120.392422645058,
-135.674496515471,
-156.948204931165,
-184.843594966239,
-212.882860968219,
-234.386173743809,
-249.817195000083,
-261.874063295508,
87.2905398312397,
75.9366264786297,
62.1392423917454,
43.3337588929545,
17.5062132455278,
-11.5644160365682,
-35.699398503634,
-53.021058792697,
-66.0133539475617,
-77.0806976427023,
-88.0473871037215,
-100.701427972421,
-117.363732335303,
-140.640735597102,
-169.503579739651,
-196.082525905541,
-215.66351576735,
-229.906419398323,
-241.43908863419,
-252.247110815844,
-264.060369003347,
81.0440232864758,
60.3812026663094,
32.909227919299,
4.52175862242006,
-17.6051735264738,
-33.4518692663925,
-45.7049684489889,
-56.5752007399551,
-67.8153671381232,
-81.3109589014217,
-99.573221709523,
-124.819724808661,
-153.956986409242,
-178.70645715874,
-196.534128310474,
-209.794166730836,
-220.950508308594,
-231.859144382016,
-244.286941244229,
-260.494069549114,
76.858715835475,
48.2290089155642,
21.1440160398886,
0.977354686156402,
-13.6141412455679,
-25.2942004534433,
-36.0970638469662,
-47.7507067158116,
-62.2807420649954,
-82.345464974913,
-109.346199934897,
-138.020774035633,
-160.776405386341,
-177.060346449271,
-189.525891724593,
-200.443608632087,
-211.583679932112,
-224.796331112474,
-242.5354014024,
-267.180049531575,
63.6889784517562,
38.3407946536097,
19.9864194974783,
6.44023369075029,
-4.81853302953661,
-15.6818703203295,
-27.9000471759016,
-43.6736537421286,
-65.6927630029663,
-94.0245083207815,
-121.572952131542,
-142.340097393847,
-157.300734095517,
-169.142985109478,
-179.953153331581,
-191.461915122854,
-205.646849738631,
-225.128667399098,
-251.616675298373,
79.4871701209447,
56.101908939597,
39.359063554094,
26.6643613329723,
15.6863803218499,
4.63302063911224,
-8.31500083224652,
-25.5516850459459,
-49.5797199236765,
-78.6315832085159,
-104.556593077497,
-123.457535702071,
-137.308813235242,
-148.683706570089,
-159.514375322487,
-171.53906434394,
-186.900690992902,
-208.297434536297,
-236.270964187061,
-264.23397442144,
74.3860685411712,
59.0353311483451,
47.0156759499258,
36.1857191190469,
24.8074783398161,
10.9476465010475,
-7.96840564410837,
-33.9087148334118,
-62.9574237204908,
-86.9685624465487,
-104.191899392707,
-117.132984869046,
-128.184174183943,
-139.163971429407,
-151.865134505886,
-168.620743684107,
-192.02307311102,
-220.924295767922,
-247.397862697393,
-266.86408223271,
78.9600735495136,
67.4550442475582,
56.6445037183714,
44.7976379941573,
29.8266863104703,
9.04305005432461,
-18.5173251490349,
-46.8401161625418,
-68.8422315647655,
-84.6043666909741,
-96.8170782775533,
-107.679362070409,
-118.941100015807,
-132.495318208401,
-150.864278000164,
-176.228443536965,
-205.358225964074,
-229.986297749185,
-247.711447573514,
-260.916673059114,
87.9457860275083,
77.0266020664147,
64.5550568442851,
48.2589399571337,
25.486202698863,
-3.19527218294626,
-30.1826023385388,
-50.2312854323735,
-64.7516808701355,
-76.4011964896091,
-87.2040936031975,
-98.8883599741599,
-113.489606846826,
-133.672389425448,
-160.770559478212,
-189.393012455271,
-212.023128484932,
-228.218198248897,
-240.640085362938,
-251.547323465095,
-262.706267966778,
84.0261685633961,
66.1844645153633,
41.4184998716884,
12.2804436246667,
-12.9499623171628,
-31.197748589079,
-44.6854102510426,
-55.9226794298219,
-66.7940336119626,
-79.0526855882576,
-94.910969494466,
-117.054925030245,
-145.451019885418,
-172.910801362195,
-193.557199189348,
-208.442605211885,
-220.251330811422,
-231.059048219211,
-242.595527817704,
-256.847630325553,
83.5556895542716,
56.9624947533296,
28.105091316831,
4.84517408854758,
-11.8044834730326,
-24.4521564685763,
-35.4170996530442,
-46.4866849691889,
-59.4860125478836,
-76.8211353666267,
-100.972962432826,
-130.046357610735,
-155.85845402314,
-174.648930035197,
-188.437864984538,
-199.788506549472,
-210.624683234724,
-222.68667033371,
-238.128696330636,
-259.648844427709,
72.3016703676002,
44.4170938644026,
23.1601196392527,
7.88881985677626,
-4.09424388348594,
-14.9192586017908,
-26.322383522056,
-40.2454373126066,
-59.272801001913,
-85.3247443152703,
-114.348689874247,
-138.235631052721,
-155.361492301219,
-168.252073390613,
-179.287630284532,
-190.281049561831,
-203.030019614445,
-219.879791520666,
-243.407294352678,
87.6558528520131,
61.2890472280491,
41.9369140311017,
27.8273353061661,
16.3493760269492,
5.53582134727781,
-6.34525653477689,
-21.3923853897468,
-42.2973255959303,
-69.9441516526053,
-98.1998740265546,
-120.077406458759,
-135.755836835679,
-147.928801021286,
-158.783637780743,
-170.067491720599,
-183.681089445438,
-202.157535190373,
-227.638487883058,
-256.757895658821,
78.7360101555464,
61.1125536549062,
47.961414362773,
36.8421428840778,
25.9119033677693,
13.3959455261815,
-2.99002078798132,
-25.8883145846392,
-54.6189474717755,
-81.5069733989117,
-101.438285474062,
-115.888393250623,
-127.507950024855,
-138.311375823437,
-150.026853972596,
-164.700129229499,
-185.001558887296,
-212.19546447651,
-240.763223048709,
-263.267896990437,
80.6250439672534,
68.2461552962784,
57.3488896321023,
46.1705384112744,
32.8473310322625,
14.9021711125497,
-9.98447820910396,
-39.1267178236019,
-64.238526857197,
-82.3805217894894,
-95.8104075637695,
-107.026721055378,
-117.906594584022,
-130.206366217169,
-146.150184864352,
-168.41918597868,
-196.8771957738,
-224.246420832336,
-244.772583667859,
-259.583588738999,
88.6406102606931,
77.8348481737424,
66.2700776091833,
51.9500088644564,
32.237798178638,
5.54085754445762,
-23.2750742092212,
-46.4095388177073,
-62.9668677588811,
-75.5681915932612,
-86.5206095886991,
-97.6069444777952,
-110.658288290873,
-128.092693773796,
-152.367909836794,
-181.459978017741,
-207.158089794216,
-225.838853748636,
-239.566215592561,
-250.893159207838,
-261.735342436482,
86.1647466368966,
70.6414724896889,
48.9975765720454,
20.8743641071762,
-6.92964595806749,
-28.0640355143508,
-43.2567415327162,
-55.2038318812287,
-66.0244018756757,
-77.4529702543462,
-91.4400243166308,
-110.579431565715,
-136.741828088149,
-165.738183355245,
-189.500615857805,
-206.529851819508,
-219.370629573324,
-230.391074320497,
-241.398631351716,
-254.196097314092,
88.8591116024446,
65.2066277944419,
36.2369159582794,
9.97820177540717,
-9.26054235214933,
-23.3046455525936,
-34.7561019165695,
-45.5731668800122,
-57.4890649400381,
-72.6132070928974,
-93.6399174868857,
-121.371196591011,
-149.557500160326,
-171.310712828411,
-186.906292760366,
-199.040145960623,
-209.888036337787,
-221.194553058046,
-234.868287666904,
-253.453000240056,
80.9501851388517,
51.8440407459357,
27.4604566367419,
9.93786073152236,
-3.15991481790248,
-14.2614461356564,
-25.2032500770018,
-37.7642888278838,
-54.2409653796462,
-77.2648140854518,
-106.041964312893,
-132.829095882563,
-152.64366086586,
-167.024290183526,
-178.614469799061,
-189.418919305541,
-201.166200670426,
-215.912324625519,
-236.332970539377,
-263.620861375822,
67.8686139416179,
45.4892751428288,
29.4693667384514,
17.1328207541208,
6.24502224682011,
-4.95327128147587,
-18.33285848276,
-36.3822907297632,
-61.3889454382926,
-90.5324648331136,
-115.524906894906,
-133.56191504687,
-146.934768913359,
-158.130666347104,
-169.019562607103,
-181.361102293679,
-197.391314217375,
-219.785528962755,
-248.302981477383,
84.4201945110157,
64.0137338166837,
49.276303140805,
37.5328292240155,
26.7285271788189,
15.1348895769177,
0.746052420070228,
-19.0823422477854,
-45.8815357882969,
-74.6533015584382,
-97.6622428113119,
-114.128103156789,
-126.683753781847,
-137.6241578671,
-148.72776806927,
-161.831842512363,
-179.366371158151,
-203.764528800161,
-232.872398999369,
-258.455505924465,
82.972677971876,
69.3061239411908,
58.0023269463187,
47.1536379066237,
35.0151737390921,
19.4098005678681,
-2.35815944267022,
-30.5528276039347,
-58.2741846226027,
-79.2864120496919,
-94.4013655983148,
-106.313097092771,
-117.129719265268,
-128.584293074758,
-142.636129811619,
-161.888301155987,
-188.159918295297,
-217.12587405489,
-240.763528678172,
-257.696992176793,
89.5113365772416,
78.505485333483,
67.4832732973142,
54.6366183043098,
37.5959533762468,
13.8187214864207,
-15.1810572699084,
-41.3304017659578,
-60.4564667359284,
-74.4358803786949,
-85.8613981825665,
-96.6824699477273,
-108.633799650469,
-123.835794032504,
-144.984717978855,
-172.798404798288,
-200.912980708597,
-222.542165398869,
-238.055747444713,
-250.151122335292,
-260.99256622193,
87.6777050997032,
73.9430720246722,
55.2493203700918,
29.5376193841967,
0.447618490405218,
-23.8129685753135,
-41.235540921679,
-54.2806708940103,
-65.3649894224483,
-76.3188679152786,
-88.9256599255001,
-105.493907228155,
-128.643272847703,
-157.464270555547,
-184.1489692348,
-203.847427033672,
-218.159383389974,
-229.720764526447,
-240.526732876002,
-252.306412103926,
-267.126208432358,
72.3333791979943,
44.9533037463243,
16.502517268185,
-5.75162619142282,
-21.6852433165179,
-33.9800984429374,
-44.8589340425548,
-56.0777075910718,
-69.5144148182078,
-87.6689297320685,
-112.794862519969,
-141.936757274279,
-166.809110786765,
-184.741943248608,
-198.058504901669,
-209.23452373523,
-220.13294709548,
-232.516907128778,
-248.634371785533,
88.8460638913509,
60.271677218469,
33.0890489302268,
12.8017378846769,
-1.86294167698432,
-13.5746827739171,
-24.3780198963647,
-36.0011035696668,
-50.4595150798042,
-70.4047317760103,
-97.3046335536915,
-126.029566866508,
-148.91295113041,
-165.288203442901,
-177.798852725041,
-188.727752874501,
-199.849165984407,
-213.006689731598,
-230.642178086596,
-255.162784971335,
75.7164240478644,
50.2492915415354,
31.7856499836046,
18.1791426852393,
6.89794341985566,
-3.95775140999722,
-16.1354019360988,
-31.8237269068626,
-53.7160394471883,
-81.9798494883195,
-109.616513734389,
-130.507025154859,
-145.54506483872,
-157.422048532475,
-168.235219352451,
-179.716363272023,
-193.833769127871,
-213.199413011005,
-239.578966363849,
-268.511732901695,
67.9756184023232,
51.1370724707967,
38.3938151101128,
27.4020403031247,
16.3646544278525,
3.46811307589545,
-13.6692782520292,
-37.5709840819839,
-66.5980183431259,
-92.6367667043874,
-111.650874447198,
-125.566380452397,
-136.966521350597,
-147.792096874343,
-159.779473174197,
-175.060161390131,
-196.331718574353,
-224.225720984483,
-252.266302757873,
86.228221008041,
70.7957862118339,
58.7382606548081,
47.9027640718968,
36.5492718131507,
22.7529744812838,
3.94942065527197,
-21.8761404441293,
-50.9471281940806,
-75.0842760867015,
-92.4076658159396,
-105.400864099383,
-116.468495361999,
-127.43495984366,
-140.088181552012,
-156.748859547787,
-180.023666884435,
-208.885814572507,
-235.466593587193,
-255.049599397655,
-269.293684516302,
79.1731571034989,
68.3651746091648,
56.5524996131669,
41.6582039731241,
20.9974946801758,
-6.47291485843153,
-34.8614953130842,
-56.9906152415358,
-72.8387994991587,
-85.0926117039212,
-95.9629876674845,
-107.202781126937,
-120.697352868197,
-138.957754200847,
-164.202189213178,
-193.339555964445,
-218.091147301385,
-235.920621224258,
-249.181626067266,
-260.338301640274,
88.7532424919829,
76.3262058868526,
60.1206283424221,
37.475611454991,
8.84683419452032,
-18.2398540859905,
-38.4085868634307,
-53.0013352194769,
-64.6819345561414,
-75.4848017690178,
-87.13791356063,
-101.66670906144,
-121.729369768674,
-148.728383541198,
-177.403847299699,
-200.161677207827,
-216.447182315539,
-228.913498064436,
-239.831403002316,
-250.97114852314,
-264.182844534431,
78.0798752120673,
53.4373570090708,
24.3065348772527,
-1.04370393467907,
-19.3999528104106,
-32.9471702245998,
-44.2063182659746,
-55.0695196308375,
-67.2869933778667,
-83.059124647621,
-105.076049473593,
-133.406646397502,
-160.956625754564,
-181.725890069094,
-196.687851673383,
-208.53069518056,
-219.340910739237,
-230.849192206618,
-245.032957621765,
-264.512769769309,
69.001076965339,
40.1042681369733,
16.7168130451272,
-0.0276719587564144,
-12.7232038720087,
-23.7014177863605,
-34.7544979722259,
-47.7016272371651,
-64.9365950661085,
-88.9624586792126,
-118.013919491613,
-143.940896928324,
-162.843780782795,
-176.696156983016,
-188.071479981103,
-198.902056713561,
-210.926098098861,
-226.28632428845,
-247.680909902643,
84.346910222324,
56.3825456766299,
35.000431482036,
19.648295389997,
7.6279938486226,
-3.20205396667506,
-14.579863925354,
-28.4385954876964,
-47.3527048564978,
-73.2910488193781,
-102.340166093231,
-126.353476825633,
-143.578528394229,
-156.520504609727,
-167.57197233585,
-178.551535608916,
-191.251867569884,
-208.005835345457,
-231.405971173821,
-260.306545295257,
73.2180302599901,
53.7498066322794,
39.5727948654018,
28.0672864250793,
17.2567942634326,
5.41052228926639,
-9.55910275957232,
-30.3406189448309,
-57.8994626493325,
-86.2234070333087,
-108.227706388344,
-123.991315031013,
-136.20472839432,
-147.067147070194,
-158.328502562665,
-171.881687582314,
-190.248772012625,
-215.610884348666,
-244.740822682928,
-269.371025603961,
72.9020362564945,
59.6958571136861,
48.5579915260789,
37.6389966508918,
25.1682232830982,
8.87367223088324,
-13.8968663943586,
-42.5774570416041,
-69.5665118054894,
-89.6172558415502,
-104.138889436874,
-115.788934917177,
-126.591827182144,
-138.275552201453,
-152.875544951609,
-173.056254882357,
-200.152733057364,
-228.776121049935,
-251.408434659977,
-267.605053394718,
79.9723006065962,
69.0648833519057,
57.9062739546209,
44.639678428233,
26.7997788617847,
2.03593349841915,
-27.1020236300556,
-52.3344993688208,
-70.5841454586318,
-84.072825586029,
-95.310466576425,
-106.181676041253,
-118.439613655608,
-134.296407261297,
-156.43817459855,
-184.8331633535,
-212.294513984485,
-232.94302207605,
-247.829738442835,
-259.639045984015,
89.5531979512762,
78.0172086885869,
63.7662893280297,
44.1716265479867,
17.5802616064678,
-11.2778439457326,
-34.5399573304384,
-51.1912394724976,
-63.8397302136139,
-74.8048973112251,
-85.8741939706175,
-98.8726169446318,
-116.206008567427,
-140.355671040182,
-169.428713693769,
-195.242796888932,
-214.03520100597,
-227.825221109603,
-239.176282616378,
-250.012358555206,
-262.073687091856,
82.4857022159557,
60.9677182951151,
32.9195442341213,
5.03357566439564,
-16.2255489676561,
-31.4982326494612,
-43.4819318769623,
-54.3070288644178,
-65.7097131923201,
-79.6316531125747,
-98.6570611072835,
-124.707059415798,
-153.731463016785,
-177.620582028377,
-194.748143029938,
-207.639602543456,
-218.67542872235,
-229.668605008863,
-242.416731918069,
-259.26484740895,
77.2098403433876,
48.2735877517395,
21.9049008555683,
2.55077566084355,
-11.5599567433603,
-23.0383852045371,
-33.8518828311378,
-45.7323563455043,
-60.7781439485324,
-81.6809557197626,
-109.32628483693,
-137.583202100505,
-159.462914135796,
-175.142803053559,
-187.316457836986,
-198.171420704635,
-209.454882636856,
-223.067433963291,
-241.541990597923,
-267.020905846854,
63.8594798151949,
39.3512447591349,
21.7260144857171,
8.57393422665653,
-2.54565264000126,
-13.475694169586,
-25.9908684892929,
-42.3752538923495,
-65.2713487655329,
-94.0011433940031,
-120.890922235352,
-140.824284472674,
-155.27561620292,
-166.895692624002,
-177.69910490545,
-189.414031373613,
-204.086038172605,
-224.38538505011,
-251.577628962869,
79.853632671018,
57.3467627239337,
41.2381697782982,
28.8585337419475,
17.961097783589,
6.78309102814449,
-6.53913555785599,
-24.482476645937,
-49.3670181589887,
-78.5092094858191,
-103.623102237269,
-121.766942958539,
-135.197834131018,
-146.414509964219,
-157.294229968365,
-169.593275918912,
-185.535589239809,
-207.802398931638,
-236.259345590221,
-263.630172549531,
75.8415635025998,
61.0292625910135,
49.2528901424195,
38.4470980739792,
26.8828279076757,
12.5639563245498,
-7.14622544522784,
-33.8413619033502,
-62.6580431956558,
-85.7947055348859,
-102.353644001668,
-114.955773707321,
-125.908406650083,
-136.994443691512,
-150.044870426976,
-167.477529961724,
-191.750588870666,
-220.842354703566,
-246.542471582699,
-265.225150343156,
81.0464160983369,
69.7190622185137,
58.8769884738029,
46.7777470994748,
31.2559031401185,
9.6141771804456,
-18.5077635392815,
-46.3132026262656,
-67.4497354046387,
-82.6438105658465,
-94.5915256080874,
-105.41216916541,
-116.840287133885,
-130.826213660153,
-149.963652492077,
-176.124125134785,
-205.120987804097,
-228.885603225579,
-245.916524025576,
-258.758167962618,
-269.778872897545,
79.213822106693,
66.417211388777,
49.4740917049817,
25.8237947655792,
-3.14536558217545,
-29.4059838848812,
-48.6467076885605,
-62.6919507680906,
-74.1438664062774,
-84.9608656248707,
-96.8761486396344,
-111.998934873236,
-133.023508861619,
-160.753326424135,
-188.94086568856,
-210.696253101954,
-226.293276628071,
-238.427809313094,
-249.275817037383,
-260.581932153902,
85.7453929353727,
67.1625830751408,
41.5677892626095,
12.4613877867299,
-11.9243461245466,
-29.4487011809673,
-42.5474050821583,
-53.6492425353811,
-64.5908395676795,
-77.1510830582744,
-93.6261636256096,
-116.647813746877,
-145.424172216438,
-172.21308410443,
-192.029688183742,
-206.411527315451,
-218.002216416949,
-228.806643736315,
-240.553363035056,
-255.298204137152,
84.2832425360385,
56.9969822894517,
28.4854336384089,
6.10390099231763,
-9.91752625857284,
-22.2548081581207,
-33.1427681198043,
-44.3407077850059,
-57.7193012685371,
-75.7669004368284,
-100.771459644476,
-129.914981613921,
-154.909520460831,
-172.948360254186,
-186.322206526643,
-197.51845687045,
-208.407190782031,
-220.74799339742,
-236.776684951006,
-259.168705604531,
72.3148614056965,
45.0364036172836,
24.6278513134496,
9.88913924445084,
-1.85489568463113,
-12.6592190391925,
-24.2523461289304,
-38.6399720433473,
-58.4663264822946,
-85.2637424374847,
-114.036304695878,
-137.047444596649,
-153.514899400951,
-166.071344094776,
-177.011954184866,
-188.115257316445,
-201.218402134162,
-218.751170145218,
-243.147178853116,
87.7452029234799,
62.1600734656996,
43.5863560192077,
29.9187436400919,
18.6145460148043,
7.76597520851552,
-4.37180835225048,
-19.9757364176682,
-41.7415211684639,
-69.9349577323251,
-97.6577799137449,
-118.672142957858,
-133.788450938754,
-145.700796394829,
-156.517483431999,
-167.9715969665,
-182.022292430483,
-201.272482841392,
-227.542198132409,
-256.508710328432,
79.8514477712313,
62.9163143883469,
50.1237891262582,
39.117686763862,
28.0957358350688,
15.2499482610655,
-1.78903031698347,
-25.5640797694189,
-54.5633561059386,
-80.7146266614062,
-99.8426587698294,
-113.823198561978,
-125.249165780069,
-136.070163101398,
-148.020867020594,
-163.221490768031,
-184.368270745633,
-212.180532247483,
-240.296383925645,
-261.92773801018,
82.5572512643736,
70.4612079369432,
59.6196554513986,
48.2903380152396,
34.5567780119538,
15.8649425172994,
-9.84475517987658,
-38.9350635105205,
-63.197808518693,
-80.6221253227504,
-93.6681711066513,
-104.752786550928,
-115.706449189898,
-128.31243413009,
-144.879070382502,
-168.026238400548,
-196.84649134931,
-223.53299684585,
-243.23348240071,
-257.546634496905,
-269.108515010688,
80.0855474993014,
68.3064407792738,
53.4879417569898,
32.9496314423204,
5.57115461596654,
-22.8806993777854,
-45.1370339585139,
-61.072154887965,
-73.3677345479096,
-84.2467227797279,
-95.4651330297691,
-108.900833539315,
-127.053501238516,
-152.177351678786,
-181.319299868373,
-206.193762388591,
-224.128412233974,
-237.445953375859,
-248.622315725544,
-259.520567895737,
88.0962205992801,
71.9802913707115,
49.4629232391717,
20.8895118543631,
-6.29478120799105,
-26.5841740227364,
-41.25012058839,
-52.9624123181662,
-63.7657620801785,
-75.3883250751086,
-89.845511196599,
-109.788676626156,
-136.686828314063,
-165.412604564014,
-188.298187750364,
-204.675019447848,
-217.186451067554,
-228.115548301742,
-239.236645085197,
-252.393226584239,
89.9730603093775,
65.454593346361,
36.3340038054905,
10.8648322205268,
-7.60069706242519,
-21.2082494169936,
-32.4898397209222,
-43.3454075549528,
-55.5223663546065,
-71.2092312698038,
-93.0993637433505,
-121.36198306571,
-149.000147788064,
-169.892786814472,
-184.932166268256,
-196.809753252171,
-207.62298024571,
-219.103653977668,
-233.21990475336,
-252.583555403866,
81.038770151959,
52.105398499886,
28.5905588827484,